11628
2487
2426
2418
2423
2434
2402
2412
2417
2409
2412
2418
2419
2424
2420
2419
2432
2407
2415
2417
2429
2409
2412
2424
2424
2421
2425
2421
2429
2419
2409
2413
2413
2416
2422
2404
2420
2432
2417
2424
2421
2412
2434
2419
2414
2412
2423
2409
2411
2425
2420
2421
2426
2420
2429
2409
2412
2431
2431
2417
2417
2426
2434
2440
2422
2419
2420
2418
2417
2431
2446
2409
2415
2413
2425
2419
2423
2426
2424
2424
2428
2414
2407
2420
2426
2405
2412
2429
2428
2421
2420
2420
2430
2434
2420
2423
2417
2416
2417
2420
2415
2424
2414
2417
2414
2417
2417
2406
2412
2419
2429
2421
2413
2434
2418
2431
2408
2420
2406
2417
2405
2424
2404
2426
2412
2407
2416
2424
2416
2413
2428
2402
2421
2417
2418
2426
2426
2423
2412
2426
2418
2414
2417
2418
2420
2423
2417
2408
2424
2424
2438
2417
2426
2409
2404
2406
2425
2395
2420
2420
2416
2414
2422
2420
2412
2430
2430
2417
2426
2410
2435
2411
2416
2428
2427
4125
2893
3305
3018
3950
2880
2727
2738
2736
2867
2864
2749
2830
3237
3018
2967
3130
2869
2967
2915
3238
6230
2418
2418
2407
2424
2415
2419
2416
2429
2403
2417
2420
2419
2416
2417
2412
2414
2418
2419
2472
2427
2418
2412
2424
2429
2417
2424
2417
2423
2406
2409
2427
2429
2421
2421
2420
2426
2433
2413
2409
2420
2415
2409
2425
2398
2483
2420
2417
2413
2422
2418
2421
2424
2426
2421
2404
2414
2421
2421
2409
2405
2429
2434
2419
2424
2422
2424
2414
2406
2412
2416
2414
2431
2408
2416
2414
2410
2417
2426
2410
2415
2412
2416
2417
2403
2463
2429
2426
2412
2403
2420
2437
2421
2404
2415
2407
2414
2412
2422
2415
2439
2412
2408
2409
2409
2409
2417
2433
2414
2426
2418
2429
2429
2426
2420
2414
2417
2415
2409
2423
2421
2438
2423
2420
2411
2423
2451
2426
2414
2423
2405
2397
2407
2427
2404
2526
2426
2418
2420
2416
2409
2412
2422
2412
2413
2427
2418
2451
2411
2414
2442
2432
2410
2406
2423
2421
2429
2406
2414
2409
2420
2424
2424
2410
2431
2413
2409
2420
2412
2409
2412
2427
2419
2423
2424
2424
2426
2435
2413
2409
2420
2411
2411
2424
2412
2429
2420
2423
2412
2424
2416
2426
2413
2418
2401
2392
2404
2425
2410
2425
2426
2423
2423
2420
2418
2414
2421
2407
2414
2437
2414
2424
2412
2411
2426
2424
2418
2408
2418
4642
2932
2860
3723
26811
2744
2886
2738
2747
2763
2876
2747
2745
2744
2849
2742
2750
3211
3057
2948
2962
3000
2891
3311
7752
2413
2420
2411
2425
2425
2418
2420
2418
2420
2413
2414
2410
2404
2408
2421
2420
2423
2427
2420
2418
2418
2417
2417
2423
2426
2420
2414
2418
2422
2431
2420
2426
2424
2420
2425
2413
2420
2424
2411
2422
2423
2420
2413
2427
2411
2425
2425
2407
2416
2412
2412
2437
2423
2417
2426
2427
2427
2427
2426
2411
2422
2419
2407
2409
2415
2416
2416
2422
2471
2421
2428
2412
2417
2410
2409
2414
2409
2414
2427
2413
2420
2429
2413
2418
2409
2409
2415
2415
2407
2416
2419
2417
2418
2429
2419
2426
2421
2419
2409
2416
2435
2425
2418
2424
2421
2412
2425
2421
2417
2420
2421
2410
2410
2424
2409
2420
2425
2425
2427
2426
2416
2418
2421
2406
2413
2421
2409
2412
2426
2423
2418
2419
2418
2415
2419
2412
2426
2411
2406
2411
2406
2409
2412
2417
2423
2428
2417
2422
2412
2407
2418
2410
2414
2433
2414
2417
2416
2435
2420
2424
2421
2415
2409
2411
2423
2514
2415
2415
2424
2420
2415
2403
2407
2411
2419
2411
2417
2417
2432
2420
2413
2424
2420
2412
2413
2417
2409
2421
2418
2422
2424
2424
2418
2419
2417
2409
2416
2413
2423
2422
2417
2417
2417
2421
2426
2421
2414
2415
2418
2403
2409
2412
2410
2419
2424
2413
2421
2418
2418
2417
2427
2413
2418
2413
2413
2420
2425
2417
2425
2744
2418
2420
2426
2485
2408
2408
2406
2412
2406
2409
2422
2413
2421
2420
2416
2417
2413
2417
2404
2416
2408
2421
2420
2418
2425
2421
2418
2421
2416
2412
2414
2424
2433
2724
4013
3290
2841
4176
2815
2734
2729
2736
2751
3299
2858
2770
2767
2753
3090
2978
2843
2850
2930
2868
2814
2814
2975
2777
2888
2745
2849
2730
2676
2650
2830
2837
3304
3056
2897
2935
2889
3902
2941
2857
2798
2792
2855
2818
2774
2878
2798
2784
2800
2789
2809
2722
2739
2730
2750
2995
3210
3023
2920
3053
2976
3449
7041
2429
2421
2429
2420
2420
2409
2401
2410
2436
2397
2417
2413
2409
2431
2418
2426
2427
2423
2424
2433
2414
2420
2424
2408
2429
2426
2417
2419
2426
2418
2417
2426
2419
2412
2417
2413
2419
2413
2439
2425
2429
2417
2424
2412
2414
2422
2409
2417
2419
2414
2421
2427
2429
2433
2448
2411
2423
2422
2413
2414
2423
2418
2420
2423
2416
2421
2422
2415
2415
2409
2406
2408
2404
2401
2418
2417
2407
2422
2416
2432
2428
2413
2421
2424
2409
2423
2437
2412
2426
2425
2435
2432
2443
2425
2417
2426
2429
2421
2412
2413
2413
2410
2413
2432
2412
2420
2435
2407
2412
2417
2405
2416
2426
2413
2421
2429
2417
2432
2426
2412
2436
2420
2412
2407
2421
2418
2424
2426
2421
2427
2413
2412
2413
2411
2419
2415
2404
2404
2420
2417
2414
2424
2410
2424
2425
2409
2420
2443
2409
2423
2424
2410
2427
2430
2417
2418
2429
2432
2420
2480
2413
2409
2406
2415
2416
2409
2417
2419
2418
2412
2421
2414
2418
2420
2406
2420
2418
2412
2426
2430
2420
2432
2428
2414
2426
2422
2411
2409
2429
2420
2419
2431
2418
2420
2417
2409
2417
2413
2407
2415
2407
2400
2419
2415
2412
2430
2423
2427
2431
2415
2422
2420
2407
2420
2424
2413
2429
2434
2417
2471
2426
2423
2412
2486
2406
2409
2411
2420
2426
2412
2412
2421
2420
2414
2424
2417
2404
4262
2953
3148
3813
3017
3369
3071
3083
2951
3240
7452
2452
2427
2433
2422
2425
2423
2413
2417
2424
2413
2412
2417
2419
2422
2423
2417
2422
2432
2416
2423
2430
2409
2409
2416
2415
2421
2426
2423
2427
2420
2421
2437
2425
2423
2412
2424
2417
2421
2417
2418
2423
2425
2418
2434
2416
2422
2485
2412
2415
2420
2410
2416
2426
2420
2432
2500
2415
2415
2413
2417
2412
2414
2423
2412
2426
2430
2425
2412
2418
2414
2421
2417
2423
2412
2418
2420
2421
2415
2421
2417
2421
2417
2413
2421
2421
2404
2417
2416
2410
2419
2421
2412
2421
2420
2417
2425
2421
2418
2409
2417
2415
2428
2483
2424
2426
2433
2414
2413
2421
2414
2425
2428
2425
2425
2427
2413
2416
2421
2417
2414
2420
2403
2417
2420
2417
2424
2420
2423
2421
2421
2426
2414
2425
2417
2407
2406
2426
2428
2434
2420
2428
2422
2422
2419
2412
2412
2416
2406
2411
2428
2415
2436
2429
2424
2421
2421
2420
2412
2417
2406
2412
2414
2418
2426
2422
2429
2426
2420
2420
2419
2414
2410
2409
2407
2414
2426
2421
2422
2424
2423
2414
2429
2417
2413
2416
2412
2422
2433
2414
4920
3139
3132
4032
2733
2722
2758
3049
2727
2728
2765
2739
2747
2750
2727
3100
3208
3043
3009
3031
2933
2891
4017
5809
2423
2415
2408
2414
2416
2415
2413
2443
2436
2417
2432
2416
2420
2428
2406
2422
2415
2409
2458
2432
2423
2414
2432
2419
2418
2420
2422
2422
2407
2427
2435
2423
2431
2421
2426
2426
2428
2428
2413
2420
2414
2429
2426
2406
2420
2415
2421
2412
2427
2416
2419
2426
2478
2415
2404
2407
2425
2423
2414
2411
2424
2423
2415
2414
2417
2424
2407
2412
2417
2418
2414
2429
2409
2425
2415
2421
2414
2417
2413
2412
2416
2421
2468
2423
2418
2412
2425
2414
2419
2432
2413
2420
2408
2410
2429
2425
2416
2418
2420
2426
2426
2408
2411
2412
2405
2411
2465
2408
2454
2421
2420
2412
2418
2443
2434
2424
2412
2413
2415
2415
2422
2425
2418
2412
2425
2421
2417
2495
2416
2423
2409
2409
2414
2416
2420
2443
2409
2418
2426
2412
2415
2416
2407
2413
2420
2415
2417
2428
2420
2415
2424
2417
2417
2417
2414
2418
2412
2409
2427
2421
2421
2424
2417
2422
2429
2418
2407
2418
2409
2411
2425
2406
2410
2417
2417
2412
2424
2412
2476
2420
2410
2424
2408
2416
2425
2426
2415
2408
2425
2419
2421
2421
2417
2423
2413
2413
2417
2417
2417
2434
2407
2416
17506
745
747
748
747
745
749
746
748
750
808
747
748
747
747
749
747
746
748
745
745
747
747
746
749
747
745
748
747
744
745
747
744
746
746
745
744
743
747
745
745
746
746
744
748
745
744
750
746
814
750
746
745
750
748
747
750
746
747
750
748
747
746
746
745
748
747
745
746
744
748
745
743
746
745
743
746
744
744
746
746
744
748
745
745
747
748
746
750
748
746
750
750
748
748
748
746
748
748
746
747
746
748
747
745
747
746
745
747
745
744
746
744
743
747
743
744
745
747
744
747
746
745
749
748
746
747
747
745
748
747
748
747
747
750
748
746
749
748
745
750
747
745
749
747
745
747
745
745
748
747
745
748
745
744
748
746
743
746
745
744
747
746
819
744
745
750
745
745
748
747
747
749
746
745
751
747
747
750
751
746
749
750
745
750
750
745
753
747
745
746
748
746
745
744
747
746
745
747
762
749
747
752
748
746
747
750
745
746
750
746
753
749
746
746
750
748
749
752
747
750
749
745
748
748
749
748
748
749
747
745
746
802
745
745
747
742
745
744
744
746
750
744
746
749
765
765
751
748
748
751
746
747
749
749
748
750
749
748
747
750
747
747
747
746
746
746
747
745
748
747
746
745
749
745
745
746
743
744
745
744
744
748
749
749
747
746
749
746
749
748
746
750
748
747
747
749
748
748
752
747
747
747
746
747
754
746
745
749
746
747
748
747
750
748
744
745
746
747
745
748
747
746
746
747
747
746
747
747
746
748
748
745
749
748
749
748
749
748
755
752
746
748
748
752
746
750
749
749
748
748
749
744
749
747
744
748
746
745
744
746
745
745
749
743
746
746
744
747
749
746
745
749
747
748
750
748
749
750
747
749
748
750
747
748
748
747
745
747
747
748
747
746
743
745
746
744
745
746
745
745
747
744
745
747
745
747
746
746
746
749
748
749
749
746
749
749
748
748
747
751
748
748
748
749
747
748
750
744
746
746
745
746
750
744
745
748
745
746
748
746
746
747
743
747
747
746
745
748
747
747
745
749
749
747
748
748
745
747
750
746
748
750
748
749
749
745
749
749
746
748
748
745
746
749
748
749
748
746
748
744
746
746
743
748
745
744
744
746
745
746
751
744
746
746
745
746
751
747
746
750
747
751
751
749
748
749
748
748
747
748
749
749
747
763
745
747
748
746
747
746
743
745
746
743
745
746
746
745
746
745
747
748
745
747
747
745
747
750
748
749
751
749
750
747
749
750
747
749
746
746
747
749
747
747
750
744
745
746
744
745
747
744
744
749
744
747
747
746
764
748
745
746
748
748
748
749
748
747
745
747
748
747
749
749
745
749
750
747
750
748
746
748
749
746
747
748
746
747
747
762
745
748
747
746
748
745
746
744
746
746
745
750
746
745
746
747
746
746
748
744
748
746
746
747
750
747
748
751
747
749
750
748
747
748
745
747
746
748
747
749
745
745
743
747
746
745
745
745
743
744
746
743
747
746
746
747
748
745
746
748
746
747
748
746
747
750
750
748
751
748
749
748
748
748
745
749
748
745
746
748
746
746
748
743
743
744
743
744
747
743
744
747
745
747
748
746
746
749
745
748
747
747
747
750
749
747
746
749
748
747
749
749
746
746
748
747
746
745
744
744
750
745
747
745
745
745
745
745
745
746
745
745
745
748
750
746
747
744
747
748
749
746
746
748
747
746
750
747
747
747
747
747
749
746
746
751
745
746
746
747
748
749
746
746
745
746
747
744
745
747
745
746
746
745
744
747
745
746
748
746
746
746
745
746
751
745
748
750
748
749
749
749
747
750
747
747
747
746
750
745
747
744
746
746
748
746
745
745
744
744
748
743
744
745
744
746
747
745
745
746
747
746
746
747
751
746
748
750
747
748
748
750
750
750
744
749
746
746
746
748
744
746
747
745
744
745
744
742
749
746
746
746
745
747
746
747
744
748
748
745
746
748
750
746
748
747
748
749
750
746
748
747
747
746
751
746
746
748
746
747
747
746
745
747
747
747
746
746
747
747
746
746
745
747
746
746
745
748
745
748
747
747
746
749
746
746
748
746
747
746
746
746
752
747
749
750
746
748
747
747
747
747
747
746
749
746
749
745
748
747
744
745
748
743
743
745
743
744
749
746
746
747
746
746
748
745
746
749
748
746
747
747
752
750
750
749
749
748
748
748
748
749
744
746
745
747
744
748
744
745
748
744
744
745
744
743
748
744
745
746
745
747
748
746
745
747
748
747
747
747
751
748
749
747
747
749
750
747
745
745
745
747
751
746
745
748
745
747
748
745
745
748
746
746
746
745
747
745
747
745
844
748
747
747
747
750
744
747
746
746
745
748
746
747
749
748
749
748
748
748
751
745
747
747
746
747
747
747
746
748
746
748
747
748
749
745
747
746
746
747
749
744
746
745
746
745
749
744
747
747
747
749
748
748
746
748
746
748
748
749
751
747
749
748
747
747
747
746
748
747
745
747
746
745
744
748
744
744
746
744
744
745
744
744
749
745
748
748
746
764
749
748
747
749
747
748
748
750
751
748
750
747
747
748
750
747
746
746
745
746
750
744
745
747
745
745
746
744
744
746
744
744
744
746
749
747
748
747
746
747
747
747
748
750
746
749
746
747
747
750
747
747
750
745
748
747
746
745
752
745
747
748
746
746
747
746
746
748
745
745
745
746
748
745
747
745
746
748
749
745
746
746
746
747
750
744
746
750
747
747
749
747
747
749
747
750
747
748
749
748
747
748
748
747
747
746
747
748
744
747
743
744
749
744
752
747
743
747
750
746
748
747
746
747
749
747
747
749
748
750
748
749
749
748
747
747
746
748
746
748
746
748
746
747
746
744
744
746
744
744
749
744
745
747
744
746
747
747
747
747
747
746
748
747
746
748
750
747
749
748
748
747
750
747
748
747
749
748
749
749
745
747
746
746
745
748
745
745
747
747
744
744
745
747
743
746
747
746
746
745
745
747
746
748
745
748
746
748
747
746
747
748
747
748
751
748
746
749
745
750
748
747
748
748
747
746
750
746
746
746
747
744
746
746
745
744
747
744
744
746
747
744
748
748
746
748
747
748
749
750
746
748
748
748
747
748
749
750
748
749
750
747
747
747
746
747
745
748
745
746
744
747
747
744
744
746
744
744
749
744
745
748
745
748
747
748
747
748
749
748
750
749
748
750
750
747
750
749
749
746
749
746
744
745
748
744
747
748
744
746
747
746
744
746
744
744
747
745
745
743
745
748
746
748
747
746
746
747
746
749
747
749
746
750
747
749
749
747
747
749
746
745
750
746
746
748
747
749
748
747
746
747
747
745
748
746
745
747
746
744
746
746
747
746
748
745
745
745
749
746
750
750
746
749
749
748
748
750
746
749
750
748
747
747
748
749
746
748
748
746
747
745
746
747
744
746
744
746
744
747
745
745
746
747
745
743
748
745
746
749
745
750
750
746
748
817
751
747
750
749
747
749
749
747
747
747
748
745
748
746
746
746
749
744
748
748
743
744
745
745
745
747
744
745
747
745
748
747
746
748
745
747
748
747
748
746
747
750
748
749
746
749
748
749
747
746
748
747
746
745
751
745
745
747
744
746
746
746
745
745
746
745
747
746
745
746
748
745
748
747
747
745
750
747
746
746
750
744
750
752
747
750
749
748
747
748
746
747
749
747
746
747
747
748
747
746
747
745
747
743
745
747
744
746
745
746
744
746
747
745
745
747
746
747
746
747
749
749
749
750
748
749
748
750
749
750
746
748
747
746
746
749
746
746
747
747
744
745
744
745
750
745
745
749
746
746
748
746
746
747
746
746
746
746
749
747
749
5724
921
890
910
863
852
909
1330
1873
748
747
747
742
744
744
745
743
741
745
745
740
744
745
759
746
745
743
746
745
744
747
747
745
749
748
748
746
748
748
748
748
747
745
742
747
745
744
767
743
746
743
744
746
744
759
746
746
743
746
745
745
744
744
747
745
746
746
748
747
748
748
777
745
749
750
752
750
801
750
748
747
749
757
745
746
746
745
747
746
746
747
748
744
746
746
745
747
745
744
743
745
746
747
747
747
746
744
746
750
744
748
745
744
748
745
748
747
746
747
748
748
747
748
747
747
747
746
747
746
747
745
746
745
747
746
744
743
747
742
747
745
743
745
747
744
745
748
745
748
746
745
747
747
747
747
749
746
748
747
747
749
747
747
746
747
747
747
747
747
746
744
744
748
743
747
743
742
744
743
744
743
744
744
746
747
745
745
745
746
746
746
745
746
748
747
749
746
749
749
750
747
747
745
749
748
746
746
747
744
750
747
744
744
745
744
747
745
745
746
746
745
746
745
745
746
746
745
745
746
745
747
748
749
747
745
747
749
744
749
746
746
749
747
747
747
747
747
747
748
745
748
747
745
746
746
745
744
746
746
747
746
745
745
744
743
746
743
746
745
744
743
748
744
746
746
745
746
747
746
749
750
746
748
750
746
749
748
746
749
747
747
746
748
746
747
747
747
745
744
744
748
743
746
742
742
746
743
744
746
744
744
747
746
744
746
747
745
746
747
746
747
748
748
749
748
749
749
747
747
748
744
747
747
745
747
747
745
746
747
744
745
745
743
746
746
744
747
746
746
746
746
745
746
746
746
745
747
748
748
748
747
747
746
746
750
744
751
746
746
749
745
746
746
746
745
748
746
745
746
745
744
744
744
743
744
745
746
745
745
747
746
746
746
746
743
747
746
746
745
748
745
746
750
744
824
747
745
748
750
746
749
751
745
746
746
746
749
747
747
745
787
745
748
746
747
745
741
742
746
743
747
743
743
745
744
745
746
746
744
747
747
746
748
746
747
747
748
747
747
747
748
749
748
749
748
747
745
746
744
747
746
745
745
747
743
744
748
743
745
745
743
746
746
744
746
747
744
747
746
747
748
749
747
746
748
747
747
750
749
749
747
849
749
748
750
746
744
749
745
746
745
745
746
746
765
746
746
745
744
743
745
744
744
744
745
748
746
748
747
746
744
747
743
749
747
745
747
748
746
749
749
747
747
748
747
748
748
746
748
752
745
747
743
746
746
746
746
746
744
746
747
744
747
744
744
742
748
742
748
749
746
745
744
749
748
747
748
748
749
750
749
747
748
747
747
745
748
745
742
743
745
746
743
744
745
745
746
765
740
744
747
743
745
746
743
746
745
744
746
745
745
747
748
746
746
750
748
749
747
748
747
747
749
747
746
748
746
745
746
749
744
747
746
743
746
743
743
746
746
744
745
746
744
745
746
745
745
746
745
744
746
745
744
759
747
747
744
747
748
747
749
746
746
747
750
748
747
747
746
747
746
746
747
745
743
747
746
743
745
745
744
748
745
743
745
744
746
745
743
746
745
745
745
748
745
749
748
745
747
745
747
752
748
749
749
750
747
748
747
746
747
746
746
745
747
747
743
742
744
744
742
743
745
743
744
743
742
745
748
745
746
747
745
746
747
744
747
745
746
748
749
746
746
749
748
750
748
750
746
745
748
749
745
747
747
744
747
744
743
746
744
746
746
747
745
746
745
743
747
746
744
743
749
746
743
743
746
745
744
747
748
746
749
746
745
747
751
746
748
749
746
747
748
746
747
745
744
747
747
745
744
747
746
746
744
745
743
796
744
747
743
746
746
744
746
747
744
747
748
745
748
746
746
749
747
748
750
749
749
748
808
747
747
746
745
745
749
747
741
743
746
744
744
745
746
743
745
743
741
745
746
744
745
746
743
745
746
744
747
744
745
747
749
747
747
749
749
749
748
748
746
747
747
748
744
747
746
745
746
747
743
747
747
743
744
743
743
745
744
743
745
746
746
746
745
744
747
746
745
745
749
747
743
744
747
747
745
746
748
747
747
747
745
747
749
746
746
746
745
746
746
744
746
744
744
747
748
743
744
746
746
746
744
745
744
743
747
746
743
748
745
745
747
748
745
749
749
746
747
746
746
748
748
746
747
748
747
748
748
746
746
747
746
743
747
744
742
741
745
744
741
743
744
744
746
744
743
746
748
744
744
746
746
747
746
747
748
747
744
748
748
746
747
748
749
749
748
746
746
746
747
747
744
746
745
745
745
747
743
746
745
742
743
742
743
746
745
745
748
746
746
747
746
746
745
749
746
746
748
746
745
745
747
747
745
747
747
746
749
746
744
744
749
745
745
746
743
745
746
744
745
744
744
745
746
743
744
746
746
747
746
747
746
746
748
746
744
748
746
745
746
749
746
750
749
745
746
746
746
748
748
752
745
744
747
746
745
747
744
741
743
745
743
743
746
745
743
742
746
743
741
744
744
742
746
747
743
746
747
744
748
747
745
748
747
747
749
748
746
749
748
744
744
747
746
745
747
744
742
742
746
742
742
744
742
740
743
745
743
746
745
743
746
746
744
747
746
746
749
748
746
749
747
744
747
747
747
745
748
747
743
742
746
744
742
747
743
742
744
746
742
744
745
742
746
745
742
745
746
742
747
746
744
747
747
743
744
746
747
745
749
746
744
744
748
745
743
747
745
743
746
747
744
745
747
743
747
746
742
746
746
742
747
745
745
745
745
742
743
745
744
744
746
746
743
742
746
743
743
746
744
743
746
747
745
747
748
747
748
747
744
748
747
745
749
748
745
749
747
743
746
746
746
743
747
745
742
742
746
742
741
744
743
742
745
746
742
745
746
743
747
747
743
746
748
745
749
747
747
749
748
744
746
748
747
745
747
746
744
743
747
742
741
744
742
742
743
744
742
743
744
742
744
745
743
746
746
743
747
746
745
747
747
744
745
747
746
747
749
749
747
743
747
744
742
747
743
742
745
747
743
746
747
742
745
744
743
745
744
742
746
746
744
747
746
743
744
787
745
745
746
747
744
743
747
745
744
747
744
745
746
749
745
746
748
745
747
748
744
748
747
744
748
747
745
748
746
743
744
745
744
742
746
744
740
742
746
742
742
744
744
742
745
746
744
745
746
743
747
748
744
746
748
744
749
749
746
749
746
744
745
747
746
744
747
747
744
742
747
743
741
744
743
740
744
745
742
745
745
743
745
746
743
746
747
743
748
747
746
748
748
745
747
748
747
746
748
747
745
743
746
744
742
745
744
742
745
744
741
745
744
741
744
746
742
745
744
743
746
745
745
747
746
743
744
747
745
746
748
747
744
743
749
744
744
747
744
743
745
745
743
747
745
743
746
746
743
746
744
744
746
745
744
746
744
742
743
744
745
743
745
746
742
741
746
743
743
746
745
742
745
747
744
747
746
744
747
749
745
748
748
744
749
748
745
749
747
743
745
746
745
744
747
745
741
741
745
742
741
744
742
742
743
744
742
745
745
743
746
746
744
746
747
745
747
748
747
749
749
745
746
748
746
746
748
747
744
742
746
743
742
743
743
742
743
745
742
745
744
741
744
744
742
745
746
747
748
748
744
744
745
750
745
750
746
745
746
747
747
747
746
745
746
747
746
746
746
745
744
744
743
744
746
745
746
745
747
745
744
743
746
741
747
746
744
745
748
745
747
748
745
746
747
746
748
749
747
748
749
749
749
746
748
747
749
746
748
747
747
747
747
746
745
744
745
748
742
747
743
742
745
744
745
745
744
745
747
746
745
747
747
745
745
747
745
747
748
748
750
748
750
749
748
746
748
743
748
747
744
745
747
745
745
748
744
744
745
744
746
746
744
746
746
745
745
743
746
746
746
745
747
747
746
748
749
748
747
745
746
750
745
750
745
745
747
746
745
746
745
745
748
747
745
745
745
744
744
746
744
744
744
744
745
744
746
746
745
743
746
744
748
747
745
746
749
746
747
749
746
747
749
746
748
750
746
749
749
748
747
746
746
748
747
745
746
746
745
747
746
746
743
742
743
747
743
747
744
742
744
743
745
745
744
744
748
749
745
747
747
746
746
747
745
748
748
749
749
748
748
747
747
746
748
743
747
746
743
746
747
743
745
747
743
744
745
743
745
746
745
746
747
746
747
746
745
747
747
747
746
747
748
748
748
749
748
746
746
750
744
750
745
745
746
744
745
746
745
745
747
746
744
745
744
744
743
745
744
744
747
746
748
746
746
747
745
743
747
743
749
747
746
746
748
746
747
749
748
747
748
746
747
749
746
748
748
746
747
746
745
747
746
743
745
745
744
746
746
746
744
744
744
747
743
747
744
742
746
746
745
746
746
746
749
748
746
748
746
747
747
750
746
746
747
749
747
747
747
749
746
744
746
743
746
745
743
743
745
744
744
746
744
745
745
745
748
746
745
747
750
747
749
746
746
747
748
747
748
748
749
750
749
749
747
746
745
749
744
748
745
745
746
743
745
745
744
744
745
746
743
745
744
743
743
746
744
746
746
748
748
747
748
747
748
744
747
745
748
749
746
746
750
747
747
749
746
746
747
745
747
748
744
747
749
746
746
744
745
747
746
743
744
744
744
746
746
747
745
743
745
749
744
748
744
743
747
746
746
746
747
747
748
747
747
749
746
747
746
746
745
744
747
747
747
747
746
747
746
744
747
742
745
745
742
743
746
744
746
746
744
744
745
745
749
747
745
748
748
748
747
748
747
747
747
748
748
752
743
743
747
743
743
745
744
742
744
745
742
744
745
742
745
744
741
745
746
744
747
746
746
747
746
744
746
748
746
745
746
748
745
744
750
745
744
747
746
745
746
746
743
746
746
743
746
746
743
746
745
743
747
747
744
746
744
741
743
745
744
744
746
746
743
743
746
743
743
746
744
746
746
746
745
748
747
746
748
746
744
747
747
746
749
747
747
748
747
743
745
746
745
743
745
744
741
741
744
741
741
745
742
741
743
745
743
746
746
743
747
747
745
748
748
746
749
748
747
750
746
744
744
746
747
743
747
747
743
741
746
744
741
743
743
741
743
745
742
744
745
741
746
745
742
746
746
743
748
747
745
749
748
744
746
745
747
745
749
746
744
743
748
745
743
745
744
743
745
745
744
746
746
743
745
746
742
745
745
742
746
745
745
746
745
742
745
746
745
745
746
747
744
743
748
745
744
746
746
744
747
749
745
746
748
745
748
747
744
747
746
744
748
747
745
747
747
743
743
745
744
742
745
745
743
742
746
741
741
744
743
742
745
744
743
746
747
743
747
748
744
749
747
745
750
749
746
749
747
744
744
747
746
745
747
745
744
743
746
743
741
743
740
740
742
743
741
744
745
743
745
745
743
747
747
745
747
746
746
748
746
744
746
748
747
746
749
749
745
744
747
744
744
764
742
743
745
746
742
745
745
742
745
746
742
746
746
742
747
747
746
748
746
743
745
746
746
745
748
747
744
744
748
745
743
747
745
744
744
746
744
746
747
745
749
745
744
746
746
742
747
746
745
747
743
741
746
745
745
744
745
747
744
743
747
744
744
745
746
743
747
746
744
747
746
744
747
750
745
747
747
746
748
747
747
747
745
744
744
745
745
744
745
744
743
741
745
742
741
743
743
742
744
746
743
746
746
744
746
747
744
746
747
746
749
750
747
750
748
746
747
748
746
745
747
746
744
742
747
744
743
745
743
741
744
744
742
744
744
741
744
746
742
747
745
743
747
746
746
747
747
744
807
747
747
747
748
749
745
745
749
745
745
746
744
742
745
747
743
746
745
742
744
746
743
745
746
742
745
746
744
746
745
742
744
745
745
743
747
747
744
743
747
743
744
746
745
743
747
747
746
747
749
744
747
746
745
747
747
743
748
746
745
747
745
742
743
745
744
744
746
749
749
747
741
743
745
744
744
746
747
746
750
747
744
747
751
747
748
747
746
748
749
746
746
746
745
747
747
744
745
746
745
746
744
745
743
744
745
744
743
746
745
745
745
747
743
747
747
743
745
745
746
748
748
747
748
750
747
748
747
747
748
748
745
746
748
746
742
743
746
744
744
744
746
744
745
743
742
744
748
743
744
746
744
747
747
745
747
745
744
747
748
745
747
749
747
750
747
749
746
747
747
748
745
748
747
745
746
747
743
748
747
742
744
744
743
747
744
744
746
745
744
747
746
746
747
747
745
744
747
746
743
743
747
745
744
747
747
746
750
749
744
746
750
746
746
748
745
747
747
746
747
744
743
747
747
744
743
747
744
745
744
744
744
746
745
745
744
747
746
745
745
747
745
749
750
744
746
746
746
747
749
747
748
750
747
748
748
745
747
746
746
746
748
746
742
741
743
743
741
744
744
743
746
746
742
745
747
744
746
747
744
747
746
746
748
747
746
748
749
747
747
749
747
750
747
747
747
748
747
747
743
748
746
744
745
746
743
746
745
743
743
743
743
745
745
746
747
746
745
747
747
745
746
748
746
746
748
748
745
746
747
747
745
750
748
746
747
745
744
746
750
745
745
746
745
746
746
744
745
744
742
747
745
743
745
746
745
748
746
746
744
746
748
745
743
747
746
745
746
749
745
747
749
746
746
746
744
747
749
745
747
748
745
747
747
745
746
747
744
744
746
745
742
741
744
742
742
745
746
743
745
745
743
745
748
744
747
747
746
748
747
747
747
748
747
749
750
745
746
747
747
749
747
746
744
747
746
746
745
745
744
744
743
746
742
745
745
742
744
744
743
746
747
745
746
748
746
748
747
747
746
748
746
746
750
748
746
745
746
745
745
746
746
1065
748
744
743
746
748
744
744
747
744
746
745
744
746
744
743
747
746
743
745
748
745
747
746
747
746
747
749
747
744
750
749
746
748
750
745
750
748
747
747
745
744
748
747
745
747
748
745
748
746
744
745
747
744
758
746
745
741
742
744
743
743
745
747
744
749
745
743
746
750
747
747
749
746
748
749
745
748
746
744
749
748
745
745
748
746
749
746
746
744
745
746
744
743
745
745
744
744
747
743
748
747
744
744
745
744
747
746
746
749
746
747
749
748
746
747
749
748
752
747
748
748
748
747
747
746
747
745
743
747
746
742
743
744
744
741
743
745
744
746
744
744
745
749
745
745
747
746
747
747
746
747
748
746
749
749
746
748
750
748
748
746
747
746
746
748
746
743
746
745
743
745
746
741
746
745
743
743
744
743
746
745
744
746
748
746
747
748
746
748
750
746
746
749
749
744
750
751
747
743
748
748
746
749
746
743
744
751
744
745
747
744
746
746
744
745
744
743
746
746
744
745
748
747
747
745
746
745
746
748
749
746
750
747
745
746
748
745
749
748
746
748
747
746
747
746
746
747
748
747
748
746
745
745
746
748
744
746
745
742
757
744
745
743
745
748
746
748
745
745
746
750
746
746
747
745
747
746
745
749
746
745
752
748
750
746
748
746
748
746
745
744
762
747
745
743
747
744
742
743
746
742
746
746
743
744
745
744
747
746
744
746
748
748
748
747
747
747
749
749
747
749
747
744
745
747
746
743
745
747
746
746
746
744
746
748
744
752
746
744
744
745
743
746
744
765
747
746
745
746
747
746
746
747
747
747
748
766
748
744
750
746
745
747
748
744
747
748
743
744
744
743
747
746
746
746
747
747
747
746
745
744
746
743
744
748
746
742
742
745
745
743
746
745
746
748
746
744
748
750
748
748
749
747
749
747
749
748
746
745
747
748
745
745
747
747
747
747
746
744
744
747
818
744
746
746
744
747
748
744
747
747
747
745
744
746
749
748
749
750
749
750
750
748
748
748
750
748
747
750
747
743
744
746
749
744
745
747
745
747
747
741
746
747
743
806
746
743
746
746
745
747
743
747
753
751
748
745
748
748
750
748
749
746
749
750
748
745
750
747
745
746
748
745
748
748
743
744
743
744
747
746
745
745
746
746
746
746
746
747
746
744
744
747
801
742
746
746
746
744
746
748
747
750
747
744
748
750
746
747
749
746
748
748
745
746
746
744
747
749
744
745
746
745
747
745
744
744
745
747
745
743
747
745
743
745
748
745
749
748
745
747
745
747
749
747
748
749
750
748
749
751
748
748
749
746
745
746
745
743
743
744
743
742
745
746
745
745
744
743
746
749
745
744
747
746
746
748
747
747
746
745
749
747
747
746
750
749
749
749
748
748
748
750
746
747
749
748
744
757
747
745
747
748
744
743
744
746
746
745
748
744
757
746
743
746
746
744
748
748
749
752
748
746
750
751
748
757
768
748
745
745
749
746
745
746
746
744
746
747
875
745
746
753
750
745
742
745
746
744
749
761
743
747
747
745
744
747
747
745
749
747
744
744
750
747
744
749
746
746
748
748
745
747
747
744
747
747
744
748
746
745
748
745
746
750
746
744
743
746
744
744
745
744
745
741
747
743
741
745
744
744
746
747
745
749
753
746
752
753
745
749
750
745
750
747
746
749
749
744
744
747
745
748
746
747
744
797
749
743
742
744
742
742
745
746
742
747
745
743
747
748
743
746
747
748
752
752
747
750
748
748
746
748
748
752
751
747
745
742
747
744
742
745
743
742
744
743
742
745
743
742
745
746
743
746
746
743
750
747
745
747
748
745
745
747
745
746
749
748
747
743
752
746
745
746
747
743
748
769
744
748
746
743
748
858
744
746
745
743
747
746
743
746
806
745
743
746
749
746
748
746
744
742
746
744
742
746
746
743
746
748
745
746
748
745
748
749
744
799
856
745
748
749
745
748
750
745
745
746
745
743
746
750
743
742
745
742
741
747
743
743
745
747
743
751
747
743
746
747
746
748
748
745
749
751
745
750
749
835
746
747
748
745
748
749
742
743
745
743
742
744
743
743
743
744
742
746
744
743
746
745
743
746
746
743
749
746
745
749
767
746
745
749
746
746
748
748
745
744
749
748
743
746
743
742
746
746
743
746
744
743
746
746
741
745
746
743
749
746
745
749
746
744
745
747
746
745
748
747
743
744
748
745
744
746
747
744
748
747
745
746
746
744
746
746
743
748
747
743
747
745
744
748
746
744
743
744
744
743
747
744
742
741
746
743
743
746
744
743
746
746
743
747
792
744
747
749
748
747
749
747
750
749
746
748
819
745
746
747
746
746
745
745
743
742
746
749
739
748
741
742
745
744
743
745
748
743
746
747
744
746
747
742
748
748
746
748
747
747
746
747
747
746
748
747
745
743
746
743
744
745
743
753
745
744
741
855
746
744
743
746
745
743
746
747
744
749
748
744
744
747
744
746
747
746
745
743
748
747
743
747
745
745
746
746
745
814
745
745
747
801
744
746
747
744
747
746
743
747
745
742
743
743
743
743
746
743
742
743
747
743
744
745
745
743
745
748
744
747
748
745
747
786
747
747
746
745
746
746
744
747
746
745
743
747
745
745
743
746
742
782
744
744
745
744
743
746
749
746
747
748
745
747
745
746
749
747
748
749
748
748
749
748
757
747
747
748
749
746
749
746
751
742
747
744
747
744
752
745
742
743
743
745
743
747
747
745
747
748
745
746
748
746
745
748
748
748
747
748
748
749
801
749
745
747
748
745
744
745
744
746
747
744
745
746
744
746
744
744
745
746
743
747
744
745
746
746
747
745
745
748
747
745
748
746
746
748
750
744
749
746
746
749
746
746
748
746
747
747
747
747
747
745
744
744
747
744
744
746
747
745
743
746
744
747
743
746
743
748
745
744
744
746
745
747
749
745
746
746
746
748
748
747
749
749
746
749
746
749
748
748
746
745
745
746
749
745
746
746
744
743
746
742
746
743
742
745
744
745
808
745
746
749
748
799
749
746
747
747
747
747
748
749
747
745
746
749
746
745
746
746
746
747
745
743
746
744
744
743
746
745
745
757
744
749
744
743
746
746
745
743
747
745
749
745
748
764
747
749
750
747
749
745
745
854
750
750
747
747
746
748
749
747
744
747
747
745
748
746
746
746
747
744
743
747
744
742
743
746
744
744
745
746
744
746
744
743
745
746
745
746
747
746
748
750
747
749
747
746
748
746
745
746
749
745
748
746
746
806
804
747
745
743
747
743
744
812
743
742
746
813
742
745
748
745
746
746
744
749
746
747
746
747
745
749
747
750
749
751
748
747
747
747
749
747
851
746
806
745
748
744
748
743
742
746
744
744
744
744
743
746
746
744
745
746
746
764
746
744
745
746
749
749
746
748
747
748
745
751
749
749
748
745
747
748
745
752
748
744
747
747
743
747
743
744
747
743
744
747
745
745
747
747
746
748
744
749
748
746
747
746
743
748
748
746
751
746
748
749
748
750
749
748
747
748
747
746
747
746
745
744
747
746
743
800
749
745
747
747
746
744
746
744
746
748
745
745
746
744
743
746
746
745
749
811
750
747
747
746
748
747
747
748
749
749
747
746
748
746
748
747
744
749
747
744
784
746
744
742
744
744
740
744
743
741
746
749
753
747
749
746
756
748
751
746
748
745
752
750
745
746
750
747
750
749
747
746
749
747
750
745
748
743
753
749
746
742
746
744
744
747
743
743
746
752
747
744
746
746
743
746
748
745
747
747
748
749
753
747
751
747
746
750
749
748
750
768
747
745
747
746
748
746
748
748
743
743
746
744
746
742
752
744
744
751
764
764
745
747
747
745
749
747
746
746
746
746
746
747
752
762
748
783
748
748
756
749
746
747
748
746
745
746
762
745
808
743
746
747
742
747
745
743
746
745
750
747
748
746
748
748
747
745
748
749
749
747
749
749
747
746
749
745
749
747
748
748
746
745
746
747
750
748
747
746
746
747
798
744
746
746
743
745
745
745
743
747
744
745
743
747
744
751
747
745
745
747
746
755
750
748
747
749
748
749
746
764
749
748
747
749
748
746
748
747
746
744
746
746
748
1051
744
745
744
743
745
743
750
743
743
746
744
744
746
746
746
747
746
746
748
746
747
746
747
748
744
749
749
750
746
751
747
747
746
749
745
750
748
744
744
744
745
745
749
744
744
746
742
753
747
744
746
760
744
748
747
746
748
882
745
748
753
750
751
750
748
751
747
748
749
748
748
752
745
746
748
761
807
746
746
747
746
744
746
745
748
748
747
743
810
749
746
744
747
748
743
748
751
749
746
750
746
753
749
746
748
749
749
747
749
746
747
749
750
747
747
747
746
745
748
746
748
747
747
744
743
747
747
743
749
744
746
748
746
742
749
756
747
747
746
746
748
750
746
747
747
748
749
748
748
751
749
745
744
803
749
745
747
747
744
743
745
747
745
748
744
741
745
743
746
745
746
745
748
744
746
748
748
745
747
747
747
746
750
746
750
749
749
747
749
752
748
745
750
746
746
746
748
743
750
748
745
747
746
744
746
745
744
747
745
744
746
747
744
749
746
746
745
748
747
745
746
748
745
743
747
751
746
750
808
746
747
747
748
748
749
747
750
748
745
749
747
747
748
745
746
745
748
745
748
746
745
743
746
747
746
888
748
746
744
749
746
746
747
750
745
747
747
747
749
751
747
749
748
746
749
747
748
746
764
748
744
743
746
748
746
748
744
740
745
744
745
748
747
744
747
743
745
749
747
745
747
746
747
745
749
6416
950
907
953
899
907
2428
748
747
746
745
747
747
752
746
747
747
746
747
746
747
747
744
746
757
744
747
749
747
746
750
749
753
751
748
749
750
747
750
750
751
747
749
750
748
746
746
747
746
767
745
745
747
743
749
748
746
744
748
745
747
747
746
746
746
746
749
750
749
750
750
752
750
747
749
748
747
750
750
745
748
751
746
746
748
746
746
748
745
746
748
744
746
744
746
745
748
751
748
748
745
745
745
748
752
748
749
748
747
747
749
747
749
750
747
747
751
747
748
751
747
746
750
748
748
749
746
747
747
745
747
747
747
746
747
746
747
745
745
745
745
747
750
743
746
751
745
745
748
749
749
749
745
748
789
747
749
748
750
749
750
749
751
758
747
746
747
749
747
747
751
747
745
746
747
747
746
747
743
745
747
745
747
751
745
746
749
747
748
750
747
748
747
745
771
750
751
748
751
751
750
746
747
748
747
748
808
745
748
749
745
745
747
746
749
748
745
745
748
743
747
745
746
746
747
748
750
749
748
747
747
747
748
749
748
821
748
748
751
748
750
749
747
748
751
746
746
750
746
745
751
748
747
749
745
746
746
744
747
746
748
747
747
748
748
745
746
745
746
746
749
745
747
750
746
745
749
747
748
752
748
749
749
748
748
750
748
745
750
751
748
748
746
745
747
748
747
747
747
747
744
745
747
746
747
749
748
747
749
745
746
750
745
747
751
748
750
749
748
748
748
745
750
750
751
748
749
749
750
745
746
747
747
747
748
746
746
749
743
746
746
745
746
748
743
745
748
745
748
745
746
747
750
750
749
749
746
746
748
750
748
750
750
750
747
749
749
747
749
751
748
746
751
745
746
749
746
746
749
746
747
748
744
745
747
746
747
748
748
747
749
749
749
746
748
748
747
747
750
745
746
752
746
746
750
747
750
751
745
748
749
746
746
747
748
746
747
748
750
748
745
744
746
747
746
746
746
746
744
745
748
747
748
747
745
746
749
744
747
751
746
747
750
748
751
752
748
749
750
746
749
748
749
750
748
749
748
753
746
746
745
747
749
743
744
750
743
743
748
746
746
749
744
748
749
744
746
747
747
747
749
750
750
750
747
748
750
750
748
749
749
750
747
746
749
745
749
747
744
745
749
745
744
748
745
744
748
745
746
748
745
747
750
748
748
748
750
748
749
752
749
746
747
750
749
748
753
746
748
752
747
746
748
748
748
749
744
747
748
745
748
745
747
744
748
746
748
749
745
745
745
747
747
748
746
749
747
747
748
745
749
748
749
745
747
750
747
747
748
747
749
748
746
745
748
746
745
746
744
749
747
746
746
744
747
745
744
747
749
745
746
745
746
746
749
746
746
747
747
799
747
747
747
754
747
749
755
752
750
747
748
746
749
748
747
750
747
752
744
746
746
746
756
750
745
743
746
744
743
749
744
744
747
748
746
747
746
754
747
748
747
747
747
750
748
748
749
747
750
748
748
749
750
746
749
747
747
744
753
747
742
748
745
815
746
746
744
748
745
749
747
745
746
746
748
745
748
748
747
745
749
750
747
752
747
748
748
750
747
748
754
745
747
750
748
747
748
746
758
747
746
747
748
745
744
745
747
748
748
747
745
746
748
747
745
747
748
745
755
745
746
745
749
747
748
750
748
748
749
748
747
751
748
748
749
747
749
748
747
747
747
746
746
746
747
750
745
747
744
745
745
747
745
744
744
748
745
750
745
746
747
746
745
747
747
746
747
752
747
748
748
751
750
750
748
747
749
751
750
747
750
745
747
746
747
745
749
745
745
746
744
745
744
744
743
748
744
747
747
746
748
747
749
746
748
748
746
746
750
750
747
751
749
749
751
752
755
746
747
746
746
750
745
745
748
745
746
749
746
745
746
746
746
745
744
747
747
746
746
746
747
746
746
748
750
745
750
746
748
746
750
747
747
750
748
749
746
747
745
752
746
748
748
747
747
747
747
746
748
746
746
746
745
804
744
746
744
746
745
749
745
745
744
746
746
750
745
748
747
747
748
749
747
747
748
747
749
749
748
750
748
748
748
747
747
747
747
747
748
746
746
744
745
743
748
743
744
746
745
745
745
744
745
749
746
747
750
746
748
747
748
747
750
748
748
747
750
751
747
749
747
747
747
749
746
747
746
745
746
750
744
744
754
746
747
745
744
744
747
746
745
746
745
747
747
747
747
747
748
749
747
749
750
746
749
748
749
747
751
747
747
750
747
746
745
746
746
751
745
748
749
746
748
746
746
746
746
746
745
747
747
748
744
747
745
747
746
748
746
750
745
746
746
750
747
749
750
751
750
750
751
747
750
748
747
748
747
748
750
749
750
748
747
827
748
746
748
743
748
745
743
744
747
745
745
749
764
745
747
747
745
751
752
749
748
749
748
749
750
747
760
748
762
749
748
751
747
747
747
746
749
749
748
745
747
745
745
750
746
744
745
746
770
752
745
743
747
745
745
746
746
749
748
749
749
748
748
749
749
753
754
747
752
748
747
747
750
748
747
748
746
747
747
746
745
749
746
748
746
746
746
746
745
746
748
746
745
750
746
749
746
747
748
748
748
750
748
746
747
746
749
751
746
747
750
748
747
748
747
747
748
745
746
747
747
748
747
747
753
746
745
745
752
746
748
749
752
747
749
745
753
746
747
748
747
746
747
749
747
751
748
750
749
748
752
748
748
748
748
749
748
746
748
749
747
748
747
746
746
747
744
744
745
743
743
753
743
746
762
745
746
746
746
745
747
746
747
747
747
750
749
752
749
750
748
750
749
749
751
746
747
746
748
747
748
745
745
748
746
745
750
747
743
759
744
824
746
747
775
747
753
746
749
752
745
747
747
752
745
749
757
747
749
752
746
748
748
748
747
751
746
747
747
746
747
747
746
745
747
749
745
747
748
747
746
746
746
744
746
745
749
747
748
747
749
748
748
746
749
745
746
749
747
748
748
747
746
752
747
751
749
748
748
748
749
747
749
747
746
746
747
752
757
747
745
746
746
750
744
747
745
744
745
750
744
745
747
746
746
746
747
746
748
747
748
748
749
751
749
750
749
750
746
750
749
748
751
747
750
746
747
746
749
746
746
748
745
745
746
797
744
747
744
747
748
746
746
748
746
747
748
748
747
747
749
752
747
747
747
749
750
751
748
747
748
747
746
751
747
746
748
745
746
745
744
746
748
745
746
745
745
748
746
747
746
748
744
747
747
747
750
746
747
747
749
748
750
747
748
751
748
748
748
746
746
750
747
749
750
746
747
748
745
747
747
746
747
744
747
749
744
744
745
746
748
749
745
746
747
747
746
750
745
747
749
746
746
749
747
748
750
747
749
747
750
750
749
747
748
749
745
748
747
747
750
744
748
746
746
743
748
744
744
747
744
745
745
745
745
748
745
748
748
747
749
750
745
747
750
749
748
749
751
752
748
748
748
749
749
750
746
747
748
746
746
751
744
747
747
743
745
746
743
745
748
745
747
745
746
749
748
746
747
748
746
749
749
748
751
747
749
748
748
749
751
746
748
749
748
748
746
746
746
749
747
748
749
747
746
746
745
745
745
746
744
744
746
749
746
745
747
747
748
749
746
745
749
746
748
751
747
748
750
748
749
750
746
749
760
747
747
748
748
750
748
748
747
748
746
749
747
747
749
746
746
746
746
745
747
745
745
747
747
746
746
745
746
749
747
750
749
747
748
750
748
748
750
748
748
748
747
751
745
747
747
748
749
750
746
745
746
745
747
749
744
746
746
745
744
746
744
744
748
745
745
746
748
749
748
747
748
749
745
748
749
748
751
748
749
748
748
748
751
747
746
749
747
747
747
744
746
747
746
748
747
746
746
746
745
745
745
746
746
746
746
750
746
745
746
747
750
750
746
758
747
746
748
753
747
749
750
747
757
749
747
748
750
747
746
747
748
755
747
748
746
747
744
770
746
746
749
759
747
745
747
745
749
747
747
748
746
747
749
750
748
749
782
752
750
749
747
752
747
750
