8946
5787
5461
5311
5309
5591
5457
5425
5328
5309
5304
5380
5318
5375
5313
5323
5341
5347
5452
5323
5353
5403
5363
5334
5321
5318
5305
5305
5373
5322
5323
5307
5316
5325
5331
5366
5616
5332
5300
5330
5339
5333
5478
5372
5323
5313
5328
5323
5333
5323
5358
5420
5353
5321
5309
5304
5307
5316
5367
5323
5328
5304
5313
5328
5333
5332
5366
5401
5353
5324
5311
5314
5338
5305
5374
5348
5350
5321
5323
5314
5326
5390
5429
5372
5312
5308
5323
5326
5329
5358
5308
5315
5327
5315
5326
5321
5362
5417
5369
5335
5484
5321
5313
5315
5335
5378
5333
5339
5315
5307
5329
5329
5377
5418
5350
5332
5316
5329
5309
5315
5359
5319
5333
5343
5331
5304
5312
5358
5420
5353
5323
5328
5321
5309
5324
5353
5305
5313
5314
5339
5341
5320
5372
5397
5378
5321
5317
5334
5333
5313
5330
5379
5315
5313
5328
5324
5341
5307
5374
5418
5356
5321
5310
5321
5477
5339
5348
5303
5321
5329
5335
5349
5330
5378
5424
5370
5350
5324
5320
5296
5329
5439
5339
5330
5312
5356
5360
5387
5399
21407
5462
5323
5312
5301
5319
5300
5381
5321
5387
5290
5301
5301
5316
5360
5490
5304
5364
5342
5319
5369
5312
7395
6614
6950
6533
7651
6144
6385
6892
6868
7717
6467
6487
6576
6211
6855
6737
7826
6930
6554
6571
6583
6666
6537
6906
7059
6326
7015
7824
6628
7116
6505
8223
8051
7363
8250
6885
6679
6446
6846
11932
5438
5319
5330
5335
5349
5403
5319
5453
5310
5337
5341
5378
5304
5669
7792
15086
7112
6488
7083
6844
7752
6575
6701
6623
6230
6491
6705
6687
6504
6804
6596
6846
6468
6332
7021
7017
6831
7743
6724
6600
6711
6629
7070
9567
7285
6974
6776
6679
7931
9190
5326
5320
5414
5324
23006
4841
4739
4750
4764
4800
4784
4710
4727
4741
4765
4745
4744
4736
4772
4726
4735
4843
4738
4716
4726
4768
4788
4735
4740
4750
4735
4729
4713
4764
4736
4747
4728
4731
4733
4726
4787
4796
4740
4728
4716
4739
4750
4738
4787
4728
4725
4724
4721
4733
4753
5125
4805
4758
5855
6175
7056
5752
6227
7137
5706
5619
5601
5986
5800
6338
5838
6026
5801
6349
52746
17947
16520
16085
17778
10795
16355
16110
16190
15187
14379
14546
12587
14039
13935
11832
12569
14116
17209
17776
17853
12871
14750
12685
13217
15116
14403
16304
16515
17384
12770
12226
14769
14051
15667
12231
21394
16384
28019
10176
10199
8729
15230
10209
3595
3483
3281
3291
3299
3323
3287
3287
3286
3281
3284
3278
3310
3317
3287
3287
3417
3292
4504
3291
3312
3276
3279
3297
3362
3295
3283
4480
4159
3982
4727
4333
4297
4617
4531
4464
6271
4960
4648
3921
4185
3943
4567
4150
4406
4730
4268
4939
5160
4164
4202
4277
7528
5608
3306
3313
3281
3280
3271
3312
3324
3292
3293
3284
3280
3436
3279
3284
3315
3289
3304
3753
3302
5989
3284
3311
3330
3330
3284
3292
3298
3292
3284
3279
3278
3334
3288
3280
3295
3294
3286
3292
3327
3328
3289
3657
3377
5691
3297
3290
3313
3278
3299
3284
3568
3346
3301
3312
3335
3279
3284
3276
3289
3351
5418
3321
3299
3290
3290
3279
3284
3284
3330
3343
3307
3284
3297
3280
3287
3409
3315
3299
3383
3295
3620
3288
3295
3319
6474
9681
12363
10000
11753
12455
7548
9880
9819
9604
8523
8315
9605
12721
9990
9907
9520
8751
9611
9894
10654
13708
8798
8573
9753
8610
9421
8581
9143
13213
9819
8575
9572
10309
11107
11184
13583
11171
8065
5148
5310
4491
4284
4212
5085
3603
3348
3327
3285
3287
3291
3286
3402
3294
5164
3498
3318
3299
3289
3338
3435
3278
3281
3289
3290
3290
3301
3306
3287
3270
3276
3284
3298
3350
3286
4835
3322
3284
3281
3281
3282
3283
3301
3295
3339
3295
3283
3275
3294
3304
3285
3332
3418
3288
4645
3281
3284
3276
3276
3286
3293
3279
3321
3282
3284
3293
3293
3267
3281
3324
3327
3291
3705
3287
4196
3293
4007
4060
4724
4363
4403
4724
11345
11875
10563
10875
11384
6800
13494
10804
10912
11456
13502
10071
12252
10117
8932
12238
9997
8353
8806
8614
8481
9787
8415
13649
8682
8750
8388
9712
9796
10411
10707
7159
8673
9773
7263
12573
14590
10194
11520
10391
8441
3379
3331
3400
5689
3428
3293
3357
3392
3270
3270
3279
3287
3284
3282
3347
3290
3275
3480
5622
4154
4811
4424
4293
4351
6252
3334
3267
3383
3276
3327
3280
3976
3278
4324
3282
3271
3308
3340
3279
3296
3299
3284
4930
7876
5884
4214
4101
4793
4410
4740
7398
4400
4569
4055
3942
4310
4156
4094
4735
4181
4435
5876
4341
4186
4251
7983
3357
3287
3280
3284
3314
3323
3410
3311
3316
3310
3279
3282
3312
3283
3284
3311
3771
3298
3965
3330
3329
3284
3268
3293
3284
3292
5595
11595
15796
12524
11229
9141
12244
11680
10739
8885
13221
8469
9943
9918
13322
9699
7296
9190
8506
8485
12185
8296
9303
10597
11039
8611
9699
9561
14506
10385
10565
8192
14285
10317
10819
9125
5504
3472
3443
3432
3434
3395
3396
3354
3339
3341
3397
3443
4986
3357
3379
3394
3417
3358
3404
3415
3596
3373
4140
5595
5028
4561
4496
4240
9599
5271
4483
3999
4105
5162
4322
4487
4966
5001
4175
5733
4227
4257
4886
4281
9216
4580
4352
4967
4356
4713
6511
3318
3332
3276
3293
3285
3286
3276
3559
3300
5776
3282
3307
3287
3284
3283
3310
3330
3291
3276
3382
3373
3282
3275
3301
3282
3447
3364
3377
3298
6494
3322
3327
3272
3415
3298
4295
4017
4276
7265
3347
3292
3290
3487
12171
12863
16130
12166
17495
15755
13595
13208
11750
13944
9812
11545
10810
12835
11242
10475
9847
13041
16358
10188
9273
11388
9467
10151
11972
11135
9837
9826
7120
12348
13209
12512
14418
9569
4528
4520
4594
4403
4355
4211
4574
3861
4213
4309
5687
4469
4991
4071
4201
4136
4388
4254
4365
5112
3491
3375
3359
3962
3352
3350
5593
3372
3341
3338
18222
4420
4991
3415
3353
3375
3411
3335
3369
3340
3330
3345
3352
3371
3396
3335
5309
3355
3344
3336
3339
3366
3385
3340
3361
3346
3353
3340
3331
3630
3346
3882
3449
6378
8497
5773
4641
4866
3878
4054
4079
3968
4044
4182
4084
3962
4500
4247
7428
4241
4124
4008
4606
4396
6323
10896
9249
10798
11943
11066
9306
9739
7465
12841
10740
12407
12851
9207
9806
11398
11656
11266
12990
10034
9515
8355
8235
7286
7429
11307
11624
9651
9307
9744
11563
17290
15105
13571
19918
13460
14054
14446
3736
3487
3433
3384
3355
3367
3330
3775
4134
4294
4915
4035
4875
4361
4896
4269
4460
4665
3948
3357
3379
3348
3347
3341
3338
3332
3567
3345
3348
3984
3334
5736
3378
3338
3346
3355
3353
3357
3343
3364
3331
3332
3328
3335
8721
5597
4510
4901
4466
5635
5168
3401
3294
3287
3281
4053
10257
4503
4670
6945
4320
8536
3364
3290
3327
3320
3269
3264
5045
4043
5051
4633
4018
4185
4266
4955
4129
4131
4310
4690
4139
5235
4579
4178
4228
4932
3931
3827
3725
4960
6690
4342
5078
4562
3703
3699
4180
4829
4809
4999
4744
4023
4350
4386
4380
5205
3361
3375
3799
4892
3322
3289
3310
3301
3294
3302
3299
3328
3274
3291
3281
5031
4060
4708
4861
15699
12488
10211
16009
10237
8375
9495
13774
11964
9841
9761
14040
10264
12823
12453
11250
10687
13142
14380
10838
10052
13657
10366
10821
10634
14673
9400
9689
8823
15981
12289
12708
11344
11755
11226
26434
3815
3377
3464
3957
3208
3157
3351
4512
3290
3268
3636
3871
3361
3184
3234
3556
3907
3597
3006
3211
3185
3119
3313
3284
3108
3940
3556
2678
2631
2599
2553
2551
2545
2549
2542
2550
2680
3303
2560
2556
2582
2564
2561
2583
2594
2569
2554
2603
3412
2574
2568
2564
2607
2568
2563
2551
2559
2731
2574
2559
3001
3897
2604
2590
2585
2557
2602
2553
2560
2550
2574
2935
2594
2615
2561
2557
2562
2684
2552
2585
2827
2566
2561
2602
2602
2896
3773
2596
2560
2575
2567
2555
2566
2550
2591
2790
2653
2661
2608
3519
3096
3260
4225
3052
3063
3309
3104
3046
3723
4642
3933
3108
3115
3211
3048
3219
3078
3534
3419
3254
5669
3286
3122
3399
3185
6973
4228
3287
3121
3599
3041
3223
3055
3386
3343
4594
3560
2924
9009
9382
10023
11177
8782
7698
8113
11258
8504
9191
9190
10301
8632
8924
7466
13071
10052
9816
9637
11372
9675
8882
6427
9231
7862
2675
9733
9732
9874
10832
9065
9256
11121
9331
9774
9837
5305
2581
2573
2590
2571
2574
2548
2544
2549
2598
3840
2736
2559
2553
2550
2550
2548
2565
2567
2548
2553
2562
2558
2560
2556
2573
2590
2637
2549
4447
2556
2561
2558
2573
2602
2555
2554
2558
2548
2544
2561
2578
2554
2552
2559
2579
2962
2565
4127
2636
2554
2538
2548
2545
2549
2568
2597
2570
2547
2550
2569
2581
2550
2560
2547
2554
2924
2554
4560
2551
2574
2588
2549
2548
2556
2646
2540
2548
2587
2559
2561
2563
2567
2549
3106
7166
3998
3053
3799
3323
3655
2942
3162
2953
3059
3153
3850
3934
3202
3239
4434
2639
2836
2615
4376
2542
2541
2549
2576
2553
2603
2552
2556
2554
2750
2572
2596
2559
2552
3012
3730
2544
2551
2565
2552
2554
2562
2564
2555
4588
10231
11551
9221
9391
9300
11153
9465
8599
8478
9128
9945
9216
9355
9210
11213
9713
8228
9326
9561
10285
9744
7922
11569
10279
10472
9231
9182
9555
9439
10026
6788
7298
7359
7052
8351
9469
7250
2953
2665
2579
2574
2614
3162
2554
2550
2596
2738
2558
2562
2554
2559
2561
2597
3550
2581
2543
2543
2557
2554
2573
2605
2597
2663
2610
2981
2548
2563
2544
2571
2542
2548
2540
2549
2671
2621
3770
2594
2548
2550
2556
2549
2546
2550
2570
2544
2610
3789
2555
2545
2550
2563
2577
2557
2549
2553
2554
2559
3024
2583
2598
2563
2553
2546
2562
2546
2567
2594
2550
2561
2569
2615
3795
2554
2575
2546
2545
2552
2547
2547
2562
2572
2624
2554
2594
3676
2593
2545
2550
2556
2688
2655
2551
2574
2705
2671
2604
2982
2719
2593
2560
2550
2554
2571
2552
2574
2572
2600
3728
2554
2562
2568
2545
2578
2594
2589
2598
2554
2616
3247
2552
2546
2555
2547
2575
2554
2547
2557
2564
2609
3273
2585
2596
2550
2542
2544
2545
2556
2884
2584
2600
2549
2557
2557
2545
2548
2590
2587
2553
2550
2554
2993
2561
2598
2584
2555
2550
2541
2562
2540
2559
2546
2819
2593
2613
2565
2554
2562
2710
2552
2546
2576
2561
2555
2592
3402
2559
2555
2584
2581
2552
2545
2548
2541
2553
2924
3693
2579
2565
2559
2552
2544
2557
2567
2573
2694
10070
7611
7514
7795
9128
7380
7398
7069
9041
6322
6158
7159
8076
7135
6774
7063
7953
9508
7638
7304
7016
7006
8676
6491
7041
7235
8421
7396
7424
7363
8914
6385
6499
6455
6871
8934
6295
6355
2593
2590
2608
2598
2603
2644
3805
2549
2542
2549
2541
2546
15648
3767
3590
2524
2505
2893
2511
3391
2519
2566
2592
2521
2528
2512
2510
2509
2507
2517
2513
2531
2517
2562
3661
2523
2523
2517
2543
2556
2579
2513
2549
2512
2504
2508
2561
2526
2530
2515
2506
2503
2519
3020
2539
4806
2568
2513
2517
2517
2513
2535
2507
2516
2536
2510
2515
2514
2537
2555
2551
2518
2523
2522
2518
2514
2514
2531
2512
2822
2510
4054
2547
2531
2526
2536
2563
2506
2501
2511
2521
2537
2515
2551
3593
2994
6842
3636
3684
4058
5750
3301
3543
3042
3334
3443
3365
3276
4317
4343
3614
4015
4715
4025
3941
3835
3515
3918
3601
3238
3424
3110
3144
4389
3041
3300
3313
3438
2954
3212
3130
3649
4396
3160
3233
3257
3268
3292
3318
3213
3231
3313
3339
3192
3004
3295
3309
3530
3202
3262
3234
3139
4504
3186
3434
3362
3213
3356
3749
2996
3638
4420
3638
3232
4134
3134
3153
3175
2882
3359
3426
3032
3037
3247
3048
3418
3452
3628
3362
3303
3494
3654
3299
3183
3322
3471
3271
3311
4310
3149
8839
9121
13770
7717
9453
8817
8647
6293
7576
8295
8449
5596
6606
6433
7740
7735
7395
6310
7255
9118
6412
7328
6202
8344
8029
6526
7084
7732
8571
6502
7194
6475
7988
7539
5465
9324
6430
6282
2600
2569
2777
3640
2522
2530
2535
2552
2565
2574
2534
2509
2531
2817
3697
2505
2547
2508
2517
2503
2641
2505
2516
2530
2546
2554
3669
2505
2498
2508
2504
2524
2517
2506
2515
2515
2505
2509
2570
3793
2502
2504
2504
2512
2514
2508
2527
2516
2512
2612
3737
2498
2504
2500
2522
2541
2506
2518
2520
2517
2515
2562
3151
2509
2512
2499
2499
2500
2508
2524
2838
3604
2507
2505
2504
2497
2510
2520
2513
2514
2517
2870
2520
2564
2695
2547
2509
2517
2517
2507
2521
2507
2527
2888
2601
2780
2513
2508
2511
2528
2580
2544
2509
2506
2554
3110
2519
2532
2524
3747
3219
3111
3164
3485
4545
4197
2627
2554
2557
2564
2551
2551
2617
3760
2551
2548
2550
2564
2556
2561
2552
2571
2588
2541
2995
3497
6462
4760
3241
3399
3859
3137
3600
4692
3195
3230
12257
11077
6597
9709
8291
7872
6568
6607
6393
9596
6905
6601
5406
9128
6452
6483
6737
6460
8298
6506
8246
9091
8319
6893
5572
5754
7100
6561
6324
8456
9450
6333
7299
7328
6484
5716
5509
9749
7455
7227
5449
3220
3586
2678
2568
2575
2579
2571
2574
2533
2530
2512
2873
2510
2806
2562
2511
2515
2524
2521
2514
2507
2557
2578
2588
3729
2648
2528
2524
2514
2541
2519
2546
2524
2513
2933
3625
2541
2554
2513
2514
2519
2520
2518
2520
2536
2511
2558
3652
2508
2518
2511
2520
2537
2559
2516
2514
2518
2560
3713
2510
2544
2504
2608
2550
2524
2520
2515
2542
2639
3589
2600
2507
2514
2511
2512
2535
2521
2520
2888
2520
2628
2507
2535
2546
2511
2527
2514
2516
2516
2654
2545
2724
2516
2560
2517
2507
2515
2532
2549
2516
2522
2518
2521
2881
3673
2535
2515
2510
2514
2514
2511
2514
2522
2540
2965
2515
2568
2520
2509
2511
2507
2538
2510
2516
2518
2610
2570
3786
2537
2544
2524
2505
2514
2512
2518
2517
2578
2523
2522
2517
2560
3697
2511
3144
7513
3796
3540
3015
3340
4288
3352
3470
5462
2717
2518
2527
2520
8754
10115
10173
9362
8919
9707
9314
9169
9530
11296
9589
8262
6962
2535
2749
12042
8476
7628
9042
10488
10702
9011
10940
10668
11430
10496
9570
12841
9276
10394
11517
9826
9571
10770
8768
10028
8146
11841
7983
10024
8992
11056
9922
2585
2561
2535
2549
2924
2515
2583
2525
2548
2563
2514
2508
2517
2513
2514
2557
3296
2608
2509
2503
2500
2506
2511
2547
2547
2507
2825
3691
2511
2502
2599
2521
2506
2503
2507
2516
2511
2515
2546
3365
2540
2502
2506
2502
2504
2504
2504
2528
2517
2611
3791
2554
2499
2507
2497
2520
2546
2505
2525
2557
2936
2513
17410
2075
2070
2024
2023
2049
2030
2032
2028
2054
2794
2029
2026
2137
2044
2026
2017
2017
2023
2018
2107
2031
2027
2071
3447
2023
2029
2032
2026
2019
2023
2021
2034
2023
2022
2028
2031
2033
2028
2021
2024
2043
2773
4108
2909
2294
2568
2505
2595
2586
2721
2806
2595
3083
2525
2478
2541
2370
3993
2643
2599
2562
2615
2524
4523
2077
2039
2043
2027
2038
2035
2028
2034
2040
2044
2067
3194
2025
2026
2024
2026
2023
2023
2032
2031
2030
2030
2078
2094
2023
2036
2032
2021
2028
2094
3107
2021
2027
2031
2033
2052
2033
2030
2030
2031
2034
2032
2026
2023
2023
2018
2025
2023
2021
2032
2032
2028
2062
2949
2031
2023
2031
2030
2027
2023
2029
2024
2024
2024
2027
2025
2030
2031
2034
2033
2223
2060
3054
2027
2027
2025
2028
2033
2028
2032
2026
2029
2034
2031
2033
2025
2057
2849
2022
2019
2054
2487
2032
2028
2029
2034
2032
2026
2026
2028
2028
2027
2023
2024
2028
2331
2020
2071
7987
7880
7802
7872
7641
7744
8197
7545
7465
7388
9406
7274
6484
7610
7223
8627
7528
5869
7668
8297
7493
7223
7635
7565
7028
7050
7405
7640
7958
8516
7389
7737
7656
8008
7750
7382
7700
6930
2063
2071
2044
2046
2041
2024
2021
2020
2020
2022
2018
2016
2020
2128
2924
2026
2022
2028
2028
2025
2027
2026
2024
2030
2020
2026
2020
2019
2024
2024
2027
2065
2894
2027
2036
2034
2024
2027
2025
2023
2022
2022
2023
2026
2022
2038
2024
2057
3092
2115
2076
2027
2027
2033
2021
2020
2024
2019
2021
2026
2028
2024
2036
2024
2093
3051
2023
2058
2025
2023
2024
2014
2167
2254
2037
2031
2021
2095
2024
2087
2108
2044
2078
2098
2022
2021
2018
2019
2029
2025
2032
2108
2537
2551
3456
2591
2700
2619
3019
3594
2046
2047
2036
2026
2036
2034
2032
2368
2106
3015
2027
2021
2027
2019
2026
2024
2024
2024
2029
2032
2030
2028
2029
2027
2027
2057
2921
2015
2026
2026
2025
2024
2025
2030
2051
2035
2030
2025
2034
2031
2030
2365
3025
2090
2034
2034
2029
2019
2125
2033
2071
2071
5907
5821
6552
7169
5983
6024
6530
5949
5178
5240
5159
5350
4938
7495
5208
5826
6086
5224
5281
6643
5636
6038
4405
5838
5929
5121
6544
6940
5141
5107
5149
5096
4582
5843
7334
4660
4437
4479
5865
6302
4250
2083
2056
2022
2022
2021
2028
2034
2032
2035
2032
2031
2032
2031
2028
2022
2027
2209
2021
3758
2036
2027
2030
2042
2055
2097
2032
2027
2026
2032
2024
2028
2016
2023
2019
2024
2032
2021
2300
2030
2075
2030
2034
2032
2022
2028
2025
2021
2017
2019
2024
2029
2038
2025
2031
2026
2066
2029
2971
2025
2029
2021
2022
2022
2020
12971
3847
2060
2030
2098
2020
2028
2024
2026
2033
2058
2023
3101
2657
2643
3176
2465
2880
2288
2398
2675
2326
2351
2774
2783
2441
2296
2735
2616
2906
2357
2614
3543
3947
2910
2481
3010
2417
2556
2607
2678
2696
2645
2659
2566
2639
2562
3412
4024
2463
2527
2669
2478
2375
2359
2508
2529
2773
2442
2514
2631
2356
2359
2557
2696
4273
2325
2495
2336
2943
2624
2694
2548
2570
2427
2476
2410
2663
2467
2884
2703
2378
2743
2651
2834
3037
2405
2301
2387
2536
2636
2400
2427
2836
3091
2710
3289
2794
4057
3027
2386
2618
2822
2400
2459
2616
2600
2498
2415
2438
2621
2392
2598
2481
2585
2388
2765
2768
2686
2636
3111
2498
2456
2650
2503
2751
2752
3385
2581
2571
2494
2512
2558
2505
2818
2452
2919
2458
2474
8117
7057
6887
5990
7021
7518
7196
6253
6318
7569
9677
8492
6860
7120
9212
10263
6179
5086
5248
6553
6150
5107
4942
4999
4947
5046
6340
6192
5068
5781
5004
5108
4926
4827
6647
4986
4292
2991
2078
2053
2054
2016
2028
2018
2173
2021
2063
2023
2026
2032
2029
2026
2025
2021
2028
2019
2020
2020
2022
2058
2781
2020
2023
2026
2049
2033
2031
2028
2022
2022
2021
2018
2035
2021
2029
2062
2908
2023
2027
2034
2027
2031
2023
2025
2019
2023
2058
2092
2024
2025
2357
2018
2483
2034
2106
2034
2025
2025
2021
2029
2030
2020
2020
2017
2020
2025
2306
2870
2049
2029
2026
2030
2018
2022
2024
2024
2025
2019
2019
2019
2016
2022
2021
2028
2063
3018
2018
2021
2026
2021
2022
2019
2023
2023
2034
2024
2016
2022
2298
2971
2113
2032
2033
2027
2021
2023
5108
4508
5640
7282
5239
4956
5834
4921
5731
6019
5689
5083
5662
5221
6030
6784
5031
4135
4217
5096
5598
5465
7017
5165
5681
5040
4288
5262
6099
5710
4953
5404
4877
4349
5973
6758
4290
4898
4757
4925
5611
2430
2054
2363
2021
2021
2025
2026
2024
2027
2044
2030
2026
2029
2027
2265
2026
2055
2034
2020
2053
2020
2025
2034
2024
2029
2027
2031
2030
2033
2029
2358
2892
2028
2022
2030
2129
2289
2025
2030
2032
2026
2034
2029
2070
2064
2023
2055
2020
2025
2022
2039
2026
2024
2029
2084
2034
2027
2033
2029
2026
2030
2023
2020
2021
2025
2060
2024
3620
2031
2026
2029
2029
2025
2027
2023
2026
2030
2018
2022
2018
2022
2023
2027
2020
2026
2055
2031
2024
2325
2039
6381
5111
5822
5012
4512
4430
5031
4292
5285
10442
9089
6839
7045
6428
5850
7012
9067
6573
5067
5027
4307
5341
5004
7226
5769
5103
4436
5018
4961
6223
6201
5181
4990
5852
5729
6444
6962
5738
3056
2066
2077
2048
2043
2026
2054
2936
2034
2033
2030
2028
2032
2021
2024
2022
2017
2025
2018
2031
2024
2027
2252
2051
3250
2041
2030
2028
2020
2020
2026
2023
2017
2022
2030
2034
2027
2024
2028
2026
2029
2031
2057
2026
2867
2051
2019
2030
2017
2020
2022
2028
2031
2023
2027
2095
2024
2020
2026
2015
2297
2049
3753
2018
2025
2836
2694
2921
2586
2633
3006
2456
2379
2749
2474
2901
2786
3679
2755
2681
3571
3126
2032
2036
2037
2022
2036
2019
2022
2029
2026
2032
2024
2036
2026
2026
2027
2034
2021
2320
3039
2017
2021
2026
2030
2029
2024
2032
2030
2039
2029
2126
2027
2022
2022
2059
2845
2027
2025
2023
2037
2029
2029
2035
2024
2034
2029
2021
2025
2025
2024
2018
2024
2024
2059
2880
2028
2033
2029
2031
2024
2022
2027
2024
2023
2027
2021
2021
2025
2024
2067
2860
2031
2031
2024
2031
2023
2021
2026
2017
2198
2035
2023
2063
2031
2066
2030
2031
2027
2025
2022
2020
2021
2016
2020
2021
2015
2391
2019
2240
2021
2034
2025
2027
2026
2022
2021
2029
2020
2017
2021
2014
2023
2158
2964
2027
2030
2027
2025
2022
2026
2022
2020
2052
5407
6441
7090
4920
4431
4677
4486
5941
6943
4305
4439
5087
4440
4401
6752
5331
4301
5912
4278
5037
4453
7361
4565
5088
4450
5089
4233
5313
6422
5064
4278
4455
4298
4487
7456
4621
5009
4298
4397
4294
4440
7053
4534
4274
4239
2919
2080
2059
2067
2064
2048
2062
2865
2030
2025
2018
2024
2017
2025
2027
2022
2028
2028
2026
2034
2027
2026
2031
2384
2026
2468
2021
2022
2020
2025
2023
2029
2026
2029
2022
2019
2028
2027
2054
2943
2020
2024
2025
2016
2029
2030
2025
2028
2027
2039
2030
2024
2032
2031
2018
2267
2018
2058
2018
2016
2026
2026
2025
2027
2028
2031
2023
2427
2026
2028
2024
2023
2019
2059
2959
2023
2024
2029
2031
2027
2030
2056
2029
2024
2014
2027
2021
2021
2021
2119
2023
2054
2025
2027
2030
2025
2041
2026
2029
2026
2018
2027
2023
2021
2031
2199
2034
2062
2022
2033
2034
2028
2032
2024
2029
2026
2017
2024
2030
2302
2796
2031
2025
2024
2028
2031
2029
2030
2025
2028
2026
2024
2023
2025
2284
2042
2261
2026
2025
2042
2033
2027
2032
2031
2021
2023
2032
2028
2023
2022
2298
2872
2030
2022
2035
2037
2027
2033
2029
2031
2026
2025
2029
2032
2241
2866
2027
2026
2052
2030
2025
2034
2023
2032
2026
2036
2025
2016
2019
2313
2027
2274
2024
2029
2038
2037
2028
2039
2030
2033
2030
2020
2026
2028
2054
2914
2027
2022
2037
2034
2027
2034
2030
2084
2107
2017
2036
2056
2870
2015
2029
2023
2031
2026
2025
2033
2030
2029
2026
2027
2031
2018
2022
7225
4443
4382
4554
4609
5083
4453
6505
5109
4349
4403
5022
4422
5574
6869
4306
4356
5105
4361
4303
5595
6205
4972
4988
5118
4873
4296
5377
6426
4258
4317
5091
4644
5334
6155
5711
5068
5692
3497
5940
8002
5902
6769
5283
6464
6531
3081
2090
2101
2115
2041
2057
2043
2024
2066
2032
2026
2025
2036
2031
2201
2958
2057
2036
2017
2015
2076
2037
2027
2020
2045
2023
2036
2055
2032
2250
2032
2064
2060
2036
2030
2016
2065
2026
2034
2022
2021
2031
2030
2029
2057
2053
2032
2332
2046
2069
2032
2022
2024
2033
2025
2027
2054
2049
2031
2030
2051
2028
2042
2339
3001
2056
2020
2021
2075
2037
2020
2114
2040
2025
2043
2034
2034
2041
2023
2067
2906
2044
2027
2031
2037
2029
2045
2029
2032
2043
2029
2035
2064
2045
2026
2029
2085
2951
2040
2022
2025
2040
2031
2028
2062
2049
2030
2031
2034
2024
2038
2024
2030
2241
2057
2475
2101
2046
2030
2030
2052
2029
2042
2027
2021
2039
2019
2027
2051
2088
2925
2025
2046
2029
2041
2027
2025
2045
2031
2135
2045
2036
2025
2024
2034
2027
2069
2884
2031
2038
2030
2032
2057
2042
2055
2031
2035
2031
2039
2031
2037
2054
2063
2845
2064
2056
2038
2043
2031
2036
2043
2051
2044
2029
2015
2033
2050
2023
2040
2090
2872
2034
2035
2012
2017
2012
2030
2013
2017
2015
2022
2042
2020
2029
2023
2043
2016
2072
2524
2030
2016
2108
2011
2015
2035
2017
2014
2054
2144
2018
2063
2020
2477
2014
2015
2009
2023
2030
2019
2013
2027
2039
2017
2038
2049
2040
2073
2681
2035
2014
2035
2016
2033
2038
2019
2018
2043
2061
2057
2048
2029
2030
5608
7100
5972
4545
5269
6399
6124
5852
4459
5366
4438
7456
4399
4429
4365
4362
4225
5129
6558
5050
4334
4392
5156
4459
5576
6168
4230
4323
5772
4240
5227
4487
7143
4537
5082
4339
4337
4439
4383
5496
19802
3645
4202
3820
4272
3551
1756
1759
2265
1745
1729
1719
1692
1702
1695
1701
1699
1721
1698
1700
1699
1732
2335
1700
1702
1732
1710
1710
1709
1702
1702
1697
1702
1707
1698
1702
1692
1700
1727
2464
1701
1732
1709
1706
1701
1708
1698
1705
1704
1709
1703
1697
1723
2094
1701
1696
1698
1727
1708
1703
1710
1702
1785
1703
1700
1710
1703
1698
1700
1699
1694
1698
1923
2427
1740
1698
1704
1697
1701
1703
1704
1710
1704
1724
1702
1697
1703
1703
1697
1720
2003
2485
1701
1698
1701
1700
1701
1712
1707
1703
1707
1696
1698
1697
1732
2413
1706
1694
1696
1693
1698
1702
1698
1708
1705
1700
1710
1706
1701
1708
1698
2016
2449
1694
1699
1691
1696
1701
1694
1708
1749
1739
1705
1708
1706
1700
1701
1731
2037
2394
1698
1698
1691
1694
1701
1704
1693
1701
1701
1700
1696
1704
1701
1734
1754
1703
1696
1740
2973
1711
1727
1830
1695
2399
1873
1729
1732
1703
2425
1946
1989
1700
2379
1782
1724
1724
1694
2296
1746
1767
1733
1699
2073
1778
1710
1734
1771
1905
1807
1756
1700
2652
1891
1896
1750
11202
3516
1792
1739
1749
1878
1723
1835
1729
1750
1727
1723
1739
1731
1874
3904
4786
6159
4801
5278
4769
4665
4888
4771
6106
4169
3695
4119
4370
3645
4238
3682
3743
3730
4338
3550
4260
3641
3701
4295
4140
4205
4867
3618
3641
5270
4841
5233
4630
4759
4970
5438
5185
5334
4918
5130
6712
6579
2188
2216
2237
2314
2469
2045
2128
2183
2272
2002
1935
2267
2153
2271
2088
2251
2709
2432
2621
2268
2212
2203
2869
1801
1774
1769
1931
2026
1710
1962
1712
1731
1747
1735
1926
1760
1793
1698
1725
1738
1731
1939
1755
1888
1739
1733
1751
1738
1901
1756
1836
1727
1750
1741
1729
1816
1704
1745
1737
1774
1745
1933
1932
1746
1920
1925
1727
1811
1818
1727
1740
1758
1817
1759
1753
1773
1728
1741
1822
1705
1742
1756
1731
2034
1780
1988
1879
1700
1730
1729
1728
1749
1843
1699
1731
1747
1727
1901
1749
1997
7132
6629
7338
5675
7435
7101
6722
6063
7199
5708
5833
6137
6092
6253
6153
6932
7238
6103
5646
6574
6321
6280
6095
6083
6889
7189
6515
6253
6897
7643
7159
6597
7242
6566
6385
6396
6436
5765
2477
1751
1930
1727
1770
1753
1808
1704
1738
1789
1748
1749
1935
1978
1740
1916
1973
1740
1748
1730
1734
1737
1937
1923
1705
1762
1750
1726
1736
1809
1701
1736
1739
1744
1919
1752
1933
1931
1705
1740
1732
1776
1758
1872
1888
1699
1739
1734
1733
1751
1918
1896
1704
1746
1739
1733
1750
1923
1848
1709
1738
1723
1732
1726
1858
1760
1733
1809
1738
1730
1739
1817
1877
1727
1941
1704
1728
1739
1724
1913
1737
1895
1857
1711
1746
1730
1732
1744
1938
2061
1767
1740
1728
1729
1737
1977
1704
1737
1740
1730
1731
1741
1978
1894
1702
1801
1768
1733
1749
1761
1862
1699
1746
1736
1728
1739
1878
1938
1702
1738
1734
1780
1755
1855
1964
1704
1740
1731
1726
1747
1984
1834
1698
1740
1740
1772
1737
1967
1976
1706
1740
1737
1737
1741
1895
1842
3637
5484
6257
6173
5779
5832
7402
6516
7059
6448
5379
6445
6382
6494
6996
6734
6812
7264
6238
6008
7105
7237
7200
7094
6575
7319
7102
7223
6145
5908
6234
7287
8021
6806
6133
6341
7194
6693
5858
7232
1843
1903
2055
1783
1892
1959
1740
1756
1738
1737
1741
1980
1759
1702
1737
1798
1775
1756
1969
1819
1708
1740
1736
1743
1748
1945
1826
1706
1743
1737
1754
1772
1934
1764
1701
1743
1728
1728
1739
1965
1852
1707
1744
1738
1731
1744
1927
2031
1742
1736
1732
1735
1739
1919
1992
1716
1741
1739
1735
1756
1930
1931
1706
1773
1757
1730
1746
1923
1867
1699
1736
1747
1737
1741
1958
1839
1704
1751
1740
1778
1757
1969
1822
1699
1741
1770
1731
1745
1896
1825
1706
1745
1738
1751
1747
1938
1830
1706
1742
1733
1734
1746
1908
2027
1698
1745
1736
1737
1737
1955
1840
1755
1757
1746
1748
1744
1908
1838
1705
1752
1735
1734
1743
1905
1828
1703
1740
1785
1758
1746
1939
1862
1706
1748
1743
6517
6415
6874
5609
5991
5455
5711
6119
3963
5550
5536
5847
5546
5067
5047
5201
5011
4986
5673
5694
5536
5956
5531
5381
5855
4920
4893
5229
5399
6010
5209
5912
5464
4978
5510
5706
5142
5281
3053
1752
1776
1767
1754
1757
1821
1949
1722
1743
1751
1730
1736
1942
1698
1733
1742
1868
1949
1757
1941
1899
1704
1744
1729
1731
1754
1932
1801
1704
1737
1734
1735
1742
1953
1873
1702
1744
1734
1737
1746
1967
1772
1704
1741
1736
1729
1736
1957
1853
1732
1757
1728
1730
1742
1958
1795
1708
1760
1728
1786
1744
1859
1740
1729
1743
1786
1927
1704
1883
1705
1735
1742
1735
1987
1712
1917
1706
1733
1743
1732
1879
1770
5820
5149
4739
5926
4813
5474
4585
4777
4787
4446
5098
4703
4750
4706
4567
6011
6338
3705
4119
3536
4700
3830
4852
4966
4232
3673
3910
5724
4601
4795
6151
6610
5468
4821
6004
4953
5036
3912
5721
4784
4675
3447
1798
1778
1908
1948
1719
1764
1771
1738
1740
1935
1920
1698
1746
1762
1733
1751
1813
1708
1742
1749
1733
1869
1739
1983
1709
1740
1767
1734
1741
1897
1935
1702
1744
1732
1734
1740
1831
1733
1763
1746
1741
1726
1739
1952
1748
1709
1743
1733
1728
1753
1939
1821
1721
1765
1763
1747
1740
1924
1952
1698
1804
1734
1722
1736
1898
1975
1705
1741
1730
1771
1761
1892
1891
1708
1739
1734
4507
5821
5515
5378
5243
4933
4550
4602
4983
4765
5290
5085
5074
5160
5663
4820
5390
5662
4769
3922
4744
4499
5197
4833
3915
5346
5242
4925
4582
4834
4778
5135
4763
6146
4700
5010
4518
3938
5485
4894
5764
2654
1810
1947
1761
1888
1932
1717
1758
1753
1736
1741
1852
1972
1702
1741
1732
1784
1756
1927
1986
1737
1747
1731
1730
1756
1983
1734
1725
1737
1864
1958
1754
1889
1943
1713
1755
1737
1742
1753
1849
1863
1708
1740
1733
1729
1739
1994
1886
1727
1755
1732
1730
1739
1769
1986
1704
1752
1733
1743
1742
1992
1895
1703
1742
1762
1752
1746
1729
1937
1706
1746
1735
1742
1746
1847
1726
1732
1748
1730
4977
5801
5094
5035
4819
5691
4837
5249
5793
4902
5182
5561
4479
4945
4798
4962
6287
5385
5519
4581
5854
4806
5050
5113
4881
4675
4981
4782
4358
5103
4687
3912
5434
5330
6522
3679
3597
3599
4037
4190
3620
3560
1750
1727
1720
1726
1706
1978
1701
1764
1752
1963
1700
1744
1728
1729
1737
1969
1875
1700
1746
1734
1733
1754
1928
1974
1745
1879
1702
1781
1733
1733
1915
1715
1893
1705
1728
1741
1734
1934
1712
1991
1739
1745
1750
1741
1939
1752
1980
1774
1733
1736
1734
1935
1757
1746
1711
1810
1760
1745
1966
1701
1895
1700
1740
1749
1723
1945
1754
1888
1878
1707
1738
1783
1761
1746
1925
1930
1705
1741
1735
4739
5115
5182
5657
5165
5821
4551
4895
5076
6127
4074
3706
3555
3568
3509
4301
3705
3656
3633
4592
3706
5104
4762
4736
6273
3665
3787
4230
3656
3626
3668
3676
4220
4797
5132
4860
5857
5631
4490
5421
5843
4791
5007
3311
1990
1937
1792
2041
1941
1719
1772
1737
1917
1739
1860
1708
1808
1748
1729
1989
1733
1871
1890
1698
1752
1727
1867
1747
1924
1804
1709
1747
1781
1762
1745
1931
1735
1701
1735
1726
1731
1757
1954
1867
1710
1813
1734
1738
1771
1816
1695
1724
1739
1727
1952
1695
1873
1701
1728
1745
1732
1884
1749
1939
1966
1712
1753
1727
1731
1745
1984
1910
1705
1735
1727
1726
1736
1953
1801
1710
1771
1765
1733
1742
1849
1713
1737
1741
1774
1868
1735
1871
1760
1693
1746
1728
1782
1761
1982
1983
3896
4957
4327
4472
4896
4470
5019
5039
4893
4830
4382
5281
3995
3875
5704
4581
4629
4922
4764
4960
4866
4948
4723
4892
4824
4980
5052
6446
5321
6009
4932
5045
5327
3684
5555
4528
4693
5461
5186
4877
5935
4804
1773
1924
1957
1791
1981
1963
1716
1791
1770
1731
1775
1965
1844
1706
1743
1735
1929
1733
1956
1937
1699
1744
1737
1738
1765
1938
1946
1705
1742
1738
1740
1748
1965
1915
1804
1746
1733
1748
1809
1928
1713
1743
1790
1735
1753
1739
1768
1703
1737
1735
1774
1748
1941
2017
1704
1736
1732
1731
1758
1973
1920
1700
1742
1729
1736
1742
1997
1898
1688
1735
1723
1734
1743
1875
1945
1757
1750
1704
1734
1746
1860
1925
1778
1906
1701
1721
1739
1732
1921
1748
1895
1700
1756
1745
5868
4638
4476
4710
5242
5222
5416
3758
5300
5186
5768
3819
5526
5833
5166
4847
4764
5392
4451
5417
5057
5004
5348
3963
5406
4617
5307
3895
4917
5396
3778
4169
4216
4696
3683
4246
4149
3650
3628
4434
5672
4294
2048
1738
1771
1774
1771
1774
1881
1950
1704
1893
1753
1757
1742
1738
1949
1697
1855
1700
1738
1738
1860
1945
1694
1864
1697
1734
1784
1752
1927
1702
1777
1733
1727
1735
1847
1766
1698
1739
1726
1729
1809
1797
1785
1705
1738
1728
1724
1747
1901
1864
1706
1747
1735
1723
1742
1976
1812
1696
1756
1748
1721
1736
1947
1830
1702
1740
1737
1727
1740
1892
1751
1699
1737
1724
1762
1743
1734
1719
1694
1732
1730
1724
1744
1821
1873
1706
1735
1758
1725
1741
1973
1803
1698
1728
1728
8687
2283
2803
2035
4139
4895
5328
4905
4848
4693
4809
4969
4933
6533
3722
3616
3711
3605
3511
4803
3601
4200
3631
3952
4179
4206
4470
4388
5628
6207
3696
4212
3611
3561
3445
4795
3700
3996
4579
4555
5214
5619
3658
4351
4925
4778
5796
3872
1911
1730
1753
1743
1770
1735
1966
1842
1700
1738
1732
1734
1806
1925
1768
1702
1744
1724
1732
1739
1973
1817
1698
1736
1724
1724
1746
1951
1916
1710
1761
1733
1780
1788
1871
1947
1705
1737
1723
1736
1731
1802
1697
1730
1766
1764
1897
1740
1811
1700
1737
1736
1736
1940
1695
1736
1727
1722
1737
1890
1934
1713
1758
1726
1733
1738
1906
1826
1709
1746
1735
1730
1735
1911
1736
1696
1759
1754
1737
1737
1936
1880
1700
1743
1735
1736
1737
1918
1865
1706
1737
1730
1766
1746
1794
2998
5790
5384
5084
4551
4667
4703
5965
4510
5735
5500
4605
5322
6062
5108
4598
4872
4896
4522
6034
3772
4732
5253
4836
4014
5757
5679
5503
4998
4920
4901
4767
4948
4751
4278
5046
4678
5247
5018
5566
5041
3210
1741
1885
1717
1780
1777
1729
1931
1747
1836
1732
1732
1773
1741
1905
1707
1744
1742
17977
1862
1683
1679
1679
1813
1835
1689
1848
1872
1644
1672
1664
1666
1669
1754
1818
1665
1693
1683
1660
1670
1871
1700
1642
1676
1680
1667
1672
1846
1718
1640
1805
1662
1695
1674
1662
1662
1672
1861
1774
1643
1697
1687
1662
1672
1662
1872
1634
1673
1699
1675
1677
1655
1831
1632
1670
1696
1679
1673
1858
1858
1683
1749
1637
1668
1702
1691
1658
1674
1757
1778
1636
1673
1674
1658
1678
1830
3322
4631
4784
4818
5372
4962
4892
6090
5113
4723
4497
4497
4600
4509
5121
5193
3649
6063
4069
4466
4582
4859
5405
3765
4840
4979
3503
5270
4365
5865
4695
4555
4442
4801
4745
5003
3555
3437
4044
3642
3427
3505
3381
1853
1688
1663
1651
1861
1650
1685
1775
1815
1655
1682
1657
1665
1675
1862
1637
1664
1689
1800
1837
1631
1672
1667
1659
1672
1920
1874
1633
1672
1667
1664
1708
1830
1830
1638
1679
1668
1669
1690
1917
1740
1655
1690
1659
1665
1671
1726
1823
1634
1685
1675
1672
1672
1868
1760
1639
1677
1705
1692
1669
1888
1755
1634
1664
1655
1672
1686
1906
1829
1635
1672
1663
1670
1706
1843
1830
1636
1673
1664
1664
1666
1863
1820
1632
1669
1661
1667
1678
1777
1803
1669
1672
1666
1662
1674
1883
1755
3863
4670
4493
4873
4794
4730
4704
4733
4885
6112
3483
3362
3490
3630
3959
4155
4053
3573
4801
5456
4838
4731
4510
4381
4719
4683
4703
4792
4833
5024
4812
6386
4116
4604
4456
3626
5665
5211
4578
4702
4771
1742
1711
1710
1707
1819
1906
1631
1696
1661
1651
1675
1831
1768
1638
1673
1719
1693
1672
1699
1833
1629
1665
1659
1683
1667
1728
1631
1652
1669
1791
1891
1664
1821
1633
1667
1671
1661
1820
1636
1812
1640
1661
1665
1663
1936
1635
1790
1635
1696
1684
1662
1861
1637
1672
1663
1660
1679
1846
1734
1630
1667
1661
1664
1696
1915
1888
1637
1671
1664
1664
1669
1880
1786
1630
1662
1658
1659
1665
4513
4477
5483
5555
4638
5670
5108
4924
5284
4382
4675
4593
4374
4580
4478
4639
5245
4505
5397
4188
3645
3372
4125
4096
4002
3508
3717
4382
4398
4698
4728
4657
4328
4824
4724
5821
3587
3955
4067
4059
3527
4033
2464
1685
1668
1652
1649
1646
1628
1633
1721
1688
1638
1658
1660
1677
1655
1854
1639
1664
1655
1659
1672
1877
1800
1637
1705
1692
1660
1677
1734
1638
1693
1669
1804
1852
1635
1788
1627
1658
1668
1793
1927
1694
1838
1636
1659
1675
1703
1924
1700
1680
1632
1655
1666
1660
1677
1631
1700
1680
1659
1673
1810
1850
1688
1824
1777
1636
1675
1669
1665
1670
1875
1808
1666
1678
1656
1652
1670
1689
1841
1635
1675
1666
1664
1675
1740
1633
1661
1667
4986
4290
4475
4586
4537
6039
4392
4837
4790
4851
4724
4751
4801
4785
4622
4797
5337
3563
4118
3456
3526
3407
3458
4082
4139
4041
5123
5164
4874
4685
5295
4967
5348
5112
4751
4655
4764
4811
5496
5046
4628
5378
1780
1836
1901
1639
1681
1670
1717
1691
1875
1817
1636
1675
1666
1784
1690
1858
1800
1627
1672
1653
1657
1661
1767
1685
1655
1666
1660
1859
1640
1887
1639
1658
1666
1654
1759
1634
1665
1656
1694
1676
1880
1768
1641
1671
1660
1662
1684
1741
1699
1631
1670
1675
1663
1736
1864
1829
1630
1702
1668
1660
1666
1863
1927
1628
1669
1660
1666
1669
1673
1694
1664
1678
1658
1655
1683
1854
1769
1634
1681
1659
1660
1670
1784
1691
1632
1670
1701
1687
1680
1668
1654
1631
1672
1654
1664
1679
1816
4463
5461
4619
5191
4641
4457
3710
5479
4677
4872
4492
5588
3546
5474
5311
4426
4930
5084
4123
5278
4460
4933
4571
4353
4701
4398
5533
3454
4517
4550
4776
4664
4695
4702
4333
4647
4618
4724
4545
4571
4161
1713
1711
1677
1777
1911
1646
1677
1670
1673
1680
1896
1807
1676
1697
1666
1666
1672
1847
1861
1643
1693
1672
1673
1677
1800
1644
1669
1690
1711
1689
1685
1915
1808
1636
1678
1672
1682
1677
1919
1728
1642
1678
1674
1674
1709
1892
1694
1641
1678
1665
1666
1707
1847
1735
1643
1676
1671
1669
1682
1824
1764
1657
1680
1674
1663
1677
1830
1879
1644
1674
1665
1670
1677
1743
1678
1672
1704
1696
1881
1647
1685
1678
1672
1674
1857
1919
1635
1697
1670
1672
1673
1870
1732
1652
1680
1673
4536
5126
5399
4355
5147
4683
4425
5291
3602
5798
5267
4429
5596
4717
4740
4790
4667
4619
4641
4802
6207
5401
5119
5796
4254
4842
5467
5083
5622
3451
3432
3573
4114
3475
3618
4007
3741
4049
4295
4823
4645
3899
1853
1879
1680
1722
1688
1679
1666
1739
1639
1661
1688
1790
1832
1641
1811
1639
1674
1680
1825
1841
1636
1816
1637
1662
1674
1668
1830
1646
1791
1642
1662
1678
1672
1827
1654
1707
1671
1669
1680
1881
1728
1635
1673
1663
1667
1672
1672
1839
1640
1699
1770
1669
1677
1677
1829
1642
1677
1665
1664
1676
1772
1630
1664
1675
1668
1825
1641
1789
1640
1670
1678
1780
1848
1638
1805
1643
1700
1686
1666
1855
1677
1858
1847
1637
1680
1665
1659
1676
1897
1782
1642
1682
1668
1705
4720
5720
5413
4776
5911
5426
5081
4781
5905
4703
3904
5897
5209
5033
5037
4751
4891
4533
4771
4826
6239
5037
4897
5289
5278
4733
4525
4828
5872
5571
3547
4550
4742
4697
4760
5158
4651
4719
4575
5514
2070
1705
1708
1697
1720
1918
1637
1680
1667
1667
1676
1894
1668
1635
1668
1661
1660
1666
1745
1871
1633
1667
1665
1654
1678
1858
1840
1634
1682
1663
1660
1692
1908
1817
1625
1667
1658
1657
1673
1762
1630
1662
1669
1664
1862
1641
1788
1634
1660
1672
1662
1879
1704
1786
1625
1660
1669
1653
1809
1676
1877
1845
1638
1670
1666
1658
1672
1860
1769
1634
1667
1659
1659
1675
1908
1634
1662
1665
1663
1792
1673
1862
1771
1637
1682
1666
1660
1676
1847
1784
1637
1669
1673
1660
1671
1883
1761
3711
4748
4469
5268
4594
3678
4425
4384
4295
6258
5971
5649
6022
5494
6868
7463
6099
6406
4137
6143
5607
6412
5834
6694
6021
6718
6654
6455
7503
6818
6385
5332
7062
6977
7072
6732
6798
5763
4444
1881
1668
1964
1813
1671
1634
1663
1666
1691
1854
1853
1630
1635
1669
1661
1640
1773
1835
1638
1636
1669
1697
1637
1834
1782
1666
1631
1700
1661
1630
1840
1684
1638
1633
1667
1663
1635
1860
1746
1653
1637
1668
1665
1634
1794
1862
1630
1799
1655
1633
1634
1701
1930
1640
1638
1832
1662
1664
1645
1634
1665
1662
1636
1633
1672
1665
1628
1636
1846
1654
1664
1655
1642
1665
1705
1894
1639
1643
1639
1669
1660
1632
2060
1638
1639
1696
1639
1666
1639
1644
1636
1664
1645
1671
1635
1637
1869
1757
1632
1635
1839
1633
1663
1629
1635
1665
1663
1636
1665
1640
1667
1641
1666
1639
1640
1661
1710
1632
1638
1752
1725
1633
1635
1639
1759
1641
1668
1637
1637
1831
1643
1665
1639
1637
1663
1668
1634
1637
1633
1659
1753
1635
1636
1646
1666
1853
1642
1640
1665
1639
1666
1638
1638
1672
1662
1722
1636
1632
1633
1656
1662
1635
1636
1667
1638
1660
1638
6288
6389
6418
6401
6524
5273
5601
5582
5053
6680
5883
5617
6728
6778
6190
5916
6015
4828
6810
6712
6265
6087
5876
5105
6432
6730
5569
6702
6376
6629
6898
6829
6392
5732
8697
3730
6395
6157
6739
6355
7191
1721
1716
1862
1894
1655
1681
1824
1721
1633
1668
1632
1657
1869
1636
1631
1676
1802
1641
1664
1641
1673
1661
1901
1635
1666
1813
1633
1658
1632
1669
1634
1674
1807
1641
1697
1880
1630
1665
1660
1690
1761
1633
1852
1634
1644
1676
1785
1899
1657
1703
1807
1853
1644
1671
1638
1667
1641
1665
1638
1692
1887
1634
1667
1634
1671
1659
1701
1657
1680
2099
1640
1777
1640
1642
1682
1762
1909
1637
1687
1730
1635
1668
1637
1673
1670
1636
1665
1637
1639
1675
1662
1717
1647
1678
1664
1847
1636
1673
1766
1638
1873
1634
1674
1727
1638
1663
1639
1678
1643
1661
1762
1644
1678
1686
1743
1666
1682
1696
1853
1634
1679
1662
1713
1635
1683
1669
1811
1641
2599
4560
5009
5260
4973
5053
5338
6270
3594
3737
4138
3592
3662
4134
4205
3492
4146
4781
4232
4171
4141
4666
3687
4071
4757
3454
4632
3471
5333
5105
5266
5534
4313
4930
4146
4196
4577
4770
4896
5111
4187
4738
2405
1815
1935
1670
1677
1663
1841
1639
1674
1659
1676
1634
1669
1860
1893
1640
1675
1776
1887
1640
1689
1669
1902
1642
1680
1660
1638
1666
1670
1836
1643
1659
1688
1668
1631
1662
1638
1675
1665
1663
1644
1682
1663
1676
1635
1672
1671
1659
1639
1684
1659
1750
1636
1674
1663
1760
1647
1673
1666
1754
1638
1680
1864
1640
1741
1639
1632
1667
1660
1657
1640
1682
6019
4685
4855
4620
4667
4514
5595
4925
5088
5337
3975
4779
5171
5823
5020
6619
5257
5924
5505
5683
5682
4365
5788
3790
5190
6105
5740
5535
5205
4965
5420
5834
5078
5707
4926
4923
5822
3697
5756
5965
6037
1667
1701
1673
1749
1644
1667
1662
1872
1632
1673
1666
1873
1630
1670
1661
1695
1638
1667
1861
1837
1630
1673
1836
1745
1633
1673
1692
1842
1637
1678
1867
1638
1859
1630
1638
1671
1676
1634
1654
1636
1670
1667
1661
1638
1673
1669
1636
1909
1635
1636
1672
1902
1635
1658
1634
1669
1725
1657
1632
1671
1689
1690
1634
1636
1673
1852
1640
1859
1629
1689
1700
1660
1659
1673
1885
1636
1656
1636
1668
1658
1673
1645
1668
1857
1638
1819
1640
1671
1638
1660
1826
1636
1671
1826
1629
1651
1666
1826
1634
1660
1682
1786
1638
1803
1827
1726
1640
1699
1713
1644
1667
1638
1673
1749
1636
4190
4565
5237
5436
5045
4606
5379
5521
5492
4752
4184
3662
4324
4556
3653
4155
4595
4488
5343
5857
4353
5413
3619
4759
3604
4617
5034
5036
5510
5026
4422
4630
4765
4691
4972
4763
4769
5298
3541
4634
3437
3159
1677
1709
1892
1863
1654
1684
1837
1732
1638
1667
1815
1736
1626
1669
1802
1736
1631
1673
1698
1820
1661
1689
1669
1802
1637
1670
1693
1840
1631
1674
1658
1805
1631
1674
1888
1636
1850
1635
1639
1675
1878
1633
1672
1635
1677
1791
1856
1636
1665
1691
1791
1632
1675
1803
1790
1638
1669
1853
1638
1665
1643
1674
1664
1662
1629
1670
1661
1663
1629
1679
1646
1659
1794
1637
1670
1832
1635
1672
4516
5768
4606
5102
5676
4430
5110
4968
3875
5590
5258
4519
4780
4569
4550
4642
4743
4979
4497
5459
5248
4637
4444
3709
5695
3623
4119
4214
4365
4557
4607
5003
4550
5614
5016
4888
4171
5554
5403
4855
4258
1754
1873
1875
1646
1695
1862
1875
1648
1702
1841
1729
1636
1677
1698
1812
1638
1676
1689
1811
1635
1665
1667
1660
1658
1666
1914
1636
1666
1695
1668
1640
1663
1640
1672
1662
1660
1672
1686
1668
1659
1634
1671
1668
1676
1635
1752
1895
1633
1847
1636
1678
1642
1673
1795
1638
1636
1672
1662
1665
1632
1676
1661
1846
1640
1671
1666
1785
1642
1676
1668
1828
1642
1682
1687
1855
1635
1670
1667
1710
1632
1673
1663
4429
4543
4917
4585
4710
4349
4457
4599
3928
5432
4575
5734
4733
4556
4577
5479
5020
4461
4607
4351
4119
4777
4043
5587
3537
4898
5007
4355
4617
5091
4904
4591
4741
4659
4756
4639
4296
5423
4702
4474
5640
1956
1724
1719
1697
1664
1701
1664
1670
1645
1679
1872
1635
1661
1634
1633
1673
1661
1880
1643
1670
1818
1662
1636
1673
1672
1887
1638
1636
1671
1722
1632
1664
1631
1627
1677
1660
1663
1635
1677
1666
1663
1641
1675
1666
1712
1642
1674
1665
1635
1669
1707
1671
1641
1657
2139
1632
1634
1670
1670
1796
1634
1681
1669
1864
1639
1679
1665
1729
1637
1668
1656
1805
1633
1671
1664
1761
1635
1676
1700
1638
1886
1633
1674
1866
1633
1658
1633
1672
1631
1657
1658
1628
1671
1661
1898
1660
1681
1662
1877
4170
5755
4556
4301
4077
5507
3647
4353
4040
4579
4060
4552
4693
4359
3738
5448
3576
4477
3639
4931
4583
4550
5241
5276
4855
4670
3557
4611
5073
5222
4577
4104
5555
3891
5135
5615
4510
4340
4482
4486
4362
4394
1712
1902
1853
1649
1711
1813
1840
1630
1665
1635
1658
1631
1663
1637
1672
2048
1636
1659
1635
1674
1817
1860
1634
1666
1661
1834
1627
1668
1630
1658
2107
1641
1639
1666
1883
1637
1664
1638
1672
1664
1850
1630
1669
1657
1731
1705
1668
1657
1658
1637
1673
1893
1635
1671
1650
1668
1896
1632
1857
1632
1633
1668
1654
1657
1625
1687
1731
1857
1636
1673
1669
1802
1641
1678
1793
1734
1676
1678
1739
1640
1673
1663
1743
1638
1673
1740
1754
3066
4666
4512
3712
4444
3549
4711
3520
4929
4553
5163
4558
4095
4692
3435
4662
4067
3722
4314
5467
3576
4284
3737
3800
5147
5697
4451
4532
4471
4390
4425
4207
4666
4608
4456
5393
4773
4873
4920
4740
4404
5039
4523
3818
1813
1670
1708
1711
1864
1653
1658
1627
1667
1664
1628
1664
1634
1693
1636
1658
1664
1634
1676
1665
1817
1633
1668
1881
1631
1653
1638
1627
1668
1744
1636
1664
1634
1675
1661
1663
1638
1678
1662
1674
1634
1667
1663
1798
1636
1669
1876
1645
1686
1628
1637
1690
2066
1641
1670
1636
1675
1667
1669
1632
1676
1660
1660
1631
1668
1659
1660
1631
1663
1662
1830
1631
1672
1661
1635
1666
1642
1673
1679
1632
1664
1638
1660
1671
1629
1659
1632
1669
1659
1667
1634
1668
1667
1850
1636
1674
1666
1674
4615
4784
3596
4215
5124
5651
4396
4404
4417
3466
5549
3471
4721
4373
4430
3926
3752
5045
4448
3527
4627
4008
3980
5008
4420
4641
4661
4534
5207
3420
4732
4998
4674
4577
5277
3661
5101
4773
4462
4463
5227
5649
3771
1834
1662
1689
1812
1675
1630
1675
2010
1634
1663
1632
1637
1681
1667
1636
1664
1633
1668
1668
1661
1641
1674
1657
1629
1659
1633
1669
1868
1634
1634
1663
1645
1683
1668
1672
1637
1673
1659
1656
1635
1667
1658
1849
1630
1662
1661
1698
1661
1635
1675
1640
1708
1637
1653
1635
1681
1673
1895
1626
1666
1659
1746
1631
1674
1659
1668
1633
1672
1872
1860
1635
1666
1771
1884
1627
1669
1632
1656
1624
1660
1632
1668
1662
1630
1666
1636
1671
1923
1632
1666
1632
1676
1660
1660
1639
1668
1656
3008
5177
3887
4421
4906
4816
4381
4287
3656
5677
3496
5356
4552
4782
4445
4570
3686
4591
5631
3663
4485
4617
4566
4731
5023
4013
3802
3841
5134
5597
4434
4558
4377
4592
4511
4545
4709
5045
5700
4445
5102
4542
4251
1863
1900
1675
1718
1862
1740
1639
1687
1854
1637
1898
1636
1648
1665
1868
1630
1663
1634
1670
1666
1663
1634
1672
1832
1641
1667
1639
1675
1635
1667
1807
1638
1670
1879
1629
1663
1629
1672
1664
1663
1635
1684
1666
1670
1642
1675
1884
1635
1762
1637
1634
1665
1809
1632
1660
1724
1675
1661
1663
1643
1672
1664
1667
1638
1669
1665
1808
1634
1673
1661
1663
1630
1672
1657
1638
1661
1636
1676
1821
1637
1666
1640
1644
1672
1667
1823
1638
1674
1662
1695
1634
1668
1662
1663
1630
1678
1667
4392
4885
4369
5551
4511
5083
3499
5278
5426
4370
4596
4470
4436
5778
4823
5729
4307
4919
4389
5358
3663
5263
4172
5519
4559
4354
5464
4784
4371
5813
3815
4623
4581
4866
4506
5251
5319
4100
5168
5179
3865
1859
1675
1686
1678
1865
1637
1666
1659
1812
1631
1667
1846
1635
1857
1635
1642
1669
1665
1693
1637
1672
1845
1843
1630
1678
1775
1629
1659
1629
1666
1632
1662
1666
1631
1640
1676
1670
1714
1676
1703
1719
1636
1680
1671
1841
1633
1671
1658
1818
1632
1672
1744
1639
1874
1636
1639
1672
1828
1638
1662
1632
1676
1662
1655
1636
1676
1660
1830
1631
1684
1662
1673
1639
1677
1667
1751
1646
1672
1708
1668
1631
1671
1681
1626
1808
1633
1675
3247
6613
4067
4039
3604
3886
3707
3512
4180
4167
4111
4101
3551
4205
3532
3498
3556
4081
4732
4477
4593
4449
4437
5259
3788
5631
5616
3461
3453
3454
3480
4120
3578
4073
3960
3610
3483
3472
4079
3450
3623
3560
3495
4591
4661
4540
10282
2802
1737
1713
1841
1672
1706
1718
1676
1665
1862
1636
1642
1674
1860
1636
1827
1659
1696
1676
1815
1641
1675
1821
1877
1641
1676
1637
1662
1630
1664
1639
1669
1832
1633
1666
1639
1676
1671
1881
1638
1672
1838
1782
1635
1672
1791
1674
1631
1669
1838
1846
1638
1635
1671
1697
1637
1668
1642
1676
1891
1633
1664
1635
1671
1665
1810
1638
1672
1665
1784
1639
1679
1662
1697
1637
1675
1825
1906
1635
1679
1788
1848
1634
1669
1657
1817
1636
5114
4679
4431
4514
4067
4409
4019
5012
4378
3767
5471
4076
3827
4995
4435
3695
4563
4081
5626
4140
4591
3550
4735
3560
4738
5074
5477
5588
5179
4900
4573
4848
5691
4354
4981
4606
4907
4788
5111
4887
5194
2617
1710
1656
1669
1667
1667
1644
1674
1662
1722
1644
1637
1673
1874
1630
1690
1636
1673
1660
1636
1667
1680
1860
1634
1667
1641
1682
1664
1635
1668
1633
1638
1667
1771
1647
1655
1635
1674
1656
1661
1633
1674
1667
1748
1641
1669
1680
1695
1640
1672
1728
1636
1718
1630
1632
1669
1893
1639
1677
1679
1672
1665
1667
1637
1673
1665
1811
1635
1673
1656
1711
1627
1672
1659
1703
1661
1675
1680
1741
1636
1640
1674
1818
1906
1631
1633
1672
1888
1634
1662
1632
1665
1657
1663
1638
1681
1660
1662
4662
4301
4516
4761
4638
5415
4091
4426
4399
4615
4152
4437
4503
4413
4882
4515
4358
4586
4279
4999
5169
3511
4607
4043
4723
3483
3878
5265
4668
5401
4135
5245
4753
4719
5491
4801
4504
5248
3684
5835
5912
5651
1757
1713
1898
1648
1657
1668
1828
1631
1864
1631
1634
1668
2026
1636
1667
1636
1672
1864
1641
1832
1640
1632
1668
1663
1659
1636
1669
1696
1633
1668
1633
1682
1662
1669
1761
1642
1674
1692
1634
1710
1632
1674
1635
1703
1845
1634
1668
1636
1668
1646
1664
1640
1673
1828
1646
1666
1638
1669
1900
1632
1860
1634
1635
1665
1689
1629
1656
1631
1676
1660
1640
1666
1637
1675
1638
1700
1664
1647
1672
1800
1632
1664
1631
1631
1687
1660
1660
1636
1669
1840
1740
1648
1635
1678
1912
1636
1661
1634
1669
1885
1665
1641
1670
1746
1635
1660
1634
1682
1665
1708
1638
1639
1671
1663
1702
1635
1635
1705
1855
1633
1676
1634
1697
1700
1661
1635
1672
1664
1664
1637
1676
1665
1733
1636
1669
1658
1721
1633
1632
1671
1793
1664
1631
1689
4590
4118
4505
4676
4671
4655
4751
5047
3789
4298
5482
3683
5428
3500
4439
4513
4716
5366
4554
5302
4838
3550
4656
4035
4390
4374
4551
4461
4855
4608
4494
5181
4453
4970
5043
5616
3553
4581
4573
4880
5413
3967
1925
1760
1692
1801
1640
1666
1641
1674
1657
1841
1631
1633
1666
1948
1634
1665
1632
1674
1666
1729
1638
1677
1665
1664
1637
1635
1673
1798
1634
1658
1634
1688
1721
1639
1658
1636
1675
1666
1671
1639
1674
1673
1666
1641
1674
1635
1665
1715
1632
1634
1663
1638
1662
1664
1640
1674
1665
1885
1639
1674
1670
1814
1634
1674
1668
1834
1629
1671
1709
1693
1637
1634
1670
1664
1877
1633
1674
1761
1635
1669
1635
1630
1669
1664
1663
1632
1677
1659
1662
1635
1670
1662
1694
1640
1677
1878
1861
1632
4647
5224
5267
3568
4597
3478
4560
3686
4424
4618
4640
4716
4312
4693
5402
4967
5162
4586
5081
4956
3695
4757
4847
4954
4416
4680
5110
4535
4412
4583
5012
5663
4097
4718
4375
4511
4502
5342
4888
3847
5325
2725
1706
1674
1868
1642
1691
1690
1842
1635
1670
1643
1659
1642
1675
1643
1676
1851
1858
1636
1672
1796
1831
1668
1636
1667
1678
1636
1665
1637
1677
1877
1635
1666
1636
1683
1665
1662
1635
1674
1662
1815
1637
1669
1873
1632
1801
1638
1635
1678
2039
1635
1668
1636
1676
1707
1662
1635
1675
1660
1662
1630
1670
1656
1879
1632
1704
1664
1670
1639
1672
1854
1640
1833
1637
1671
1768
1634
1664
1638
1635
1673
1655
1872
1633
1665
1659
1701
1635
1673
1911
1871
1635
1674
1702
1789
1634
2341
4283
4479
4330
4425
4811
4342
4145
3515
4561
3466
5380
3575
4364
5154
5085
4603
3849
4447
4295
5017
4575
4622
4964
4244
4675
3526
4487
4854
4193
4669
3648
5497
3413
5027
4360
4388
4535
4620
4536
4435
4116
5303
1846
1707
1657
1693
1635
1671
1660
1791
1634
1670
1663
1766
1634
1677
1900
1741
1635
1672
1696
1805
1634
1668
1800
1794
1666
1669
1665
1807
1670
1681
1696
1809
1634
1670
1691
1803
1668
1670
1773
1793
1630
1674
1661
1829
1630
1674
1695
1695
1635
1677
1827
1787
1637
1675
1663
1634
1659
1669
1877
1651
1660
1626
1675
1667
1660
1828
1639
1673
1845
1668
2924
5120
6016
4663
4801
5133
4152
4771
3475
4393
4563
4505
4665
4620
5050
5537
4432
4494
3479
5019
3804
5252
3498
3780
3772
4939
4734
5165
5157
4206
5877
4295
4310
4709
4601
5098
5373
3979
4669
5114
4392
4025
1726
1663
1696
1660
1661
1637
1663
1660
1829
1631
1676
1691
1861
1636
1670
1661
1700
1633
1682
1914
1760
1637
1671
1863
1787
1631
1670
1686
1797
1631
1674
1700
1840
1637
1677
1701
1672
1633
1677
1793
1771
1630
1671
1692
1626
1665
1631
1667
1636
1664
1666
1636
1677
1639
1671
1834
1639
1665
1679
1842
1634
1670
1864
1634
1656
1675
1793
1632
1662
1640
1672
1660
1664
1645
1676
1694
1667
1634
1677
1661
1788
1634
1666
4377
4482
4564
4550
4680
4890
4512
4621
7863
6223
6184
4912
5575
4611
5498
4085
4469
5406
3611
5721
6639
6413
6320
5914
6038
7682
5375
5506
6728
5294
6500
5528
5747
5302
3584
5966
5858
5141
4813
5803
1714
1863
1675
1678
1673
1850
1633
1670
1656
1855
1637
1679
1671
1861
1638
1673
1694
1789
1630
1630
1668
1648
1655
1628
1662
1660
1670
1666
1660
1635
1676
1657
1671
1630
1672
1656
1706
1635
1664
1798
1654
1628
1669
1874
1861
1629
1669
1699
1688
1666
1639
1792
1668
1662
1687
1634
1634
1664
1653
1909
1625
1669
1860
1630
1694
1635
1672
1665
1662
1632
1671
1659
1654
1635
1673
1656
1858
1625
1667
1659
1691
1634
1669
1845
1850
1637
1674
3863
5133
4577
4696
3903
4196
5328
5214
4789
5437
3435
5390
5098
4685
4784
5130
4283
5606
4918
5568
4160
5521
3508
4828
4587
4453
4404
5224
4901
3756
4415
3594
4657
3625
5718
4565
4375
5443
4205
5661
5008
2033
1902
1883
1669
1679
1804
1703
1632
1659
1780
1638
1756
1636
1633
1676
1661
1890
1634
1665
1850
1633
1659
1632
1663
1656
1631
1663
1634
1669
1633
1656
1637
1658
1635
1670
1667
1662
1632
1672
1659
1745
1633
1676
1656
1659
1629
1667
1904
1632
1685
1633
1629
1674
1794
1629
1664
1632
1674
1658
1653
1631
1669
1656
1908
1627
1665
1666
1818
1630
1670
1662
1734
1638
1669
1694
1668
1630
1629
1666
1663
1829
1631
1629
1663
1691
1625
1657
1631
1670
1660
1666
1635
1671
