7250
5553
5389
5278
5412
5249
5278
5338
5323
5313
5282
71362
15577
20458
17303
14980
5334
5289
6307
5326
5370
5328
5290
5523
5962
5470
7014
6980
6002
6957
6379
6971
7193
5367
7213
5397
5282
5324
5298
5290
5290
9463
5452
5261
5338
5299
5278
8963
8955
5304
5282
5319
5310
5255
5302
9232
5308
5311
5324
5276
5260
6772
8534
5315
5280
9267
5316
5269
5291
7323
6686
5285
1314
1068
1058
1063
1054
1055
1060
1367
1436
1070
1434
1098
1075
1481
1066
1056
1056
1890
1058
1061
1055
1066
1055
1057
1380
1061
1058
1059
1532
1064
1250
1076
1055
1057
1426
1795
1055
1056
1063
1055
1360
1359
1070
1060
1059
1055
1035
1634
1033
1038
1029
1028
1030
1030
1767
1032
1041
1031
1030
1031
1032
1281
1026
1038
1037
1032
1035
1809
1029
1028
1574
1077
1052
1056
1058
1053
1881
1066
1058
1052
1050
1054
1054
1419
1063
1058
1056
1055
1055
1526
1759
1064
1072
1053
1060
1068
1057
1860
1070
1055
1058
1059
1057
1775
1054
1058
1055
1060
1060
1380
1762
1056
1063
1057
1056
1056
1848
1825
1055
1070
1055
1056
1055
1859
1059
1073
1065
1054
1057
1294
1058
1057
1218
1077
1059
1832
1055
1056
1054
1060
1066
1866
1060
1057
1052
1056
1059
1084
1059
1292
1061
1056
1055
1055
1065
2139
1441
1058
1060
1059
1839
1062
1056
1062
2506
1076
1074
1197
1062
1061
1058
1058
1847
1060
1056
1084
1052
1814
1056
1055
1064
1056
1064
1288
1054
1054
1054
1058
1058
1860
1915
1055
1057
1052
1056
1060
1537
1733
1060
1062
1073
1059
1261
1084
1060
1064
1058
1059
1832
1052
1064
1060
1056
1066
1325
1060
1054
1064
1055
1775
1060
1061
1059
1057
1063
1794
1058
1061
1058
1063
1062
1942
1050
1049
1076
1062
1069
1060
1886
1057
1058
1054
1055
1059
1861
1066
1061
1059
1053
1057
1806
1054
1066
1058
1055
1069
1054
1053
1061
1063
1058
1865
1067
1053
1057
1053
1057
1857
1061
1071
1058
1059
1282
1062
1059
1057
1065
1058
1803
1371
1054
1055
1052
1063
1684
1057
1061
1055
1058
1056
1846
1055
1057
1057
1061
1061
1835
1063
1057
1052
1060
1057
1884
1206
1066
1059
1057
1510
1736
1061
1058
1214
1055
1292
1078
1056
1058
1062
1067
1881
1622
1056
1053
1298
1059
1066
1058
1058
1060
1054
1867
1056
1064
1054
1078
1055
1543
1110
1055
1081
1053
1056
1370
1058
1053
1058
1076
1432
1056
1058
1056
1056
1250
1061
1071
1057
1061
1059
1074
1285
1061
1052
1049
1222
1060
1056
1060
1453
1765
1055
1054
1326
1057
1404
1900
1057
1056
1057
1056
1609
1780
1070
1072
1058
1059
1056
1057
1881
1066
1055
1058
1061
1057
1278
1051
1061
1056
1062
1063
1881
1058
1057
1067
1053
1055
1866
1057
1063
1055
1070
1738
1058
1055
1057
1058
1060
1957
1056
1057
1059
1372
1059
1058
1065
1057
1250
1055
1053
1057
1057
1065
1816
1056
1057
1058
1061
1056
1338
1059
1078
1065
1053
1055
1798
1063
1055
1060
1061
1058
1278
1090
1061
1052
1057
1058
2006
1370
1056
1075
1057
1064
1063
1407
2103
1058
1065
1059
1062
1249
1055
1062
1062
1066
1064
1055
1281
1054
1057
1058
1076
1061
1397
1794
1052
1060
1060
1064
1059
1802
1055
1054
1055
1056
1065
1275
1059
1057
1059
1059
1057
1745
1873
1055
1058
1061
1062
1057
1795
1768
1057
1059
1056
1059
1062
1845
1057
1053
1054
1056
1088
1057
1064
1057
1055
1070
1055
1058
1059
1562
1779
1051
1187
1056
1055
1863
2248
1057
1053
1055
1056
1056
1794
1071
1057
1060
1054
1055
1445
1054
1061
1056
1064
1059
1795
1055
1053
1062
1052
1058
1369
1057
1055
1057
1064
1057
1061
1769
1055
1056
1055
1065
1059
1052
1841
1055
1060
1065
1066
1056
1830
1062
1053
1057
1060
1070
1106
1783
1057
1056
1057
1058
1378
1060
1058
1057
1058
1274
1053
1063
1067
1390
1826
1055
1054
1057
1057
1057
1848
1058
1064
1061
1056
1088
1768
1058
1057
1058
1067
1317
1059
1055
1057
1058
1777
1366
1058
1060
1057
1055
1057
1836
1056
1058
1068
1056
1055
1805
1058
1055
1065
1067
1802
1834
1058
1132
1054
1056
1068
1802
1061
1059
1058
1052
1056
1064
1054
1068
1092
1063
1751
1056
1063
1056
1059
1058
2447
1057
1058
1909
1061
1059
1059
1834
1056
1255
1134
1378
1757
1086
1073
1082
1058
1063
1055
1659
1690
1059
1738
1057
1298
1089
1500
1056
1053
1060
1528
1070
1057
1058
1055
1063
1062
1061
1078
1058
1060
1062
1055
1052
1062
1064
1058
1077
1098
1062
1697
1054
1066
1060
1058
1734
1064
1065
1075
1052
1054
1808
1064
1067
1055
1060
1636
1082
1092
1070
1056
1062
1320
1059
1059
1053
1058
1754
1054
1063
1059
1081
1269
1054
1058
1258
1064
1056
1060
1064
1325
1053
1053
1063
1063
1688
1057
1054
1054
1054
1958
1067
1059
1543
1858
1057
1053
1076
1377
1063
1509
1278
1059
1065
1061
1958
1062
1060
1061
1282
1081
1060
1853
1057
1066
1064
1058
1063
1812
1056
1056
1058
1059
1477
1869
1064
1061
1063
1060
1264
1064
1062
1058
1060
1277
1081
1063
1055
1060
1064
1864
1059
1053
1058
1054
1060
1299
1062
1064
1059
1059
1279
1054
1053
1059
1214
1080
1065
1057
1056
1052
1802
1060
1065
1062
1058
1062
1529
1074
1056
1055
1059
1064
1066
1819
1059
1053
1058
1059
1064
1282
1063
1055
1062
1058
1064
1812
1059
1065
1062
1062
1056
1818
1056
1056
1062
1060
1061
1816
1732
1053
1056
1060
1057
1058
1797
1058
1059
1059
1063
1534
1090
1060
1054
1063
1903
1057
1055
1059
1063
1059
1832
1058
1056
1057
1057
1064
1838
1127
1058
1056
1060
1061
1807
1061
1059
1283
1160
1062
1063
1061
1376
1075
1064
1059
1060
1073
1776
1052
1056
1064
1058
1756
