1254
1064
1017
989
986
996
1069
1017
999
997
1007
1006
998
988
990
989
990
993
990
995
990
992
989
987
1009
1005
984
990
995
991
982
983
981
988
982
982
983
983
1057
979
999
1004
1004
978
982
985
989
1081
991
990
993
992
991
993
990
990
993
1013
1008
996
989
988
990
989
991
994
991
984
994
994
1058
985
991
1003
1009
1004
987
985
986
991
991
993
993
993
991
991
993
994
981
983
1005
1008
1000
996
983
994
997
990
990
1000
989
990
1110
981
992
1156
1003
1002
1003
990
988
983
983
994
993
993
990
990
987
985
989
991
988
1009
1005
1000
990
987
987
989
989
982
993
992
1065
987
987
989
985
1005
1005
1003
995
986
983
985
983
988
988
995
992
984
987
987
991
991
1003
999
1006
994
994
990
991
988
991
996
1061
985
992
992
1004
987
1003
1005
1001
995
1166
991
997
1044
994
994
996
988
987
990
992
989
993
1003
1005
1005
989
983
978
989
991
991
1091
992
986
990
988
989
987
1004
1005
1004
994
987
986
991
992
989
987
987
987
991
994
994
990
987
1003
1005
997
992
990
992
991
994
1062
995
989
987
989
987
992
993
1008
1000
1001
987
983
980
990
993
992
992
987
987
987
989
990
994
989
1003
1001
1001
992
979
987
990
1069
987
1174
991
993
981
979
982
982
997
997
1010
986
985
983
987
991
991
989
991
994
990
986
987
994
988
1000
1007
1002
987
986
988
1061
984
989
999
993
994
992
988
990
991
1002
1004
989
986
994
989
989
989
996
1007
1004
990
987
991
1276
993
987
987
1006
987
989
994
1132
34623
1073
3777
2826
4004
4797
3548
4363
4154
3800
4090
3858
4702
3950
3486
4046
1112
1493
1091
1068
1082
1610
1080
1061
1638
1053
1401
1068
1395
1332
1401
1326
1423
1358
1279
1280
1546
1091
4138
4560
3928
3722
3975
3959
4876
4264
4255
5500
3967
4439
4520
3588
3453
1130
1102
1088
1070
1829
1956
1068
1054
1792
1064
1933
1248
1061
1361
1050
1387
4437
4199
4356
4096
4046
3588
5372
3231
4902
3960
3936
4847
3601
3296
3823
1083
1062
1735
1071
1904
1112
1889
1062
1887
1065
1889
1101
1067
1490
1051
1912
1871
3841
3991
4185
3625
4478
5181
4352
4083
4419
3645
3930
4127
4744
3555
1208
1071
1851
1067
1502
1057
2173
1068
1844
1067
2107
1070
1903
1068
2553
1062
1251
1076
2446
1070
1403
15310
1339
1602
1072
1049
1460
1041
1704
1042
1262
1431
1423
1441
1070
1370
1407
1464
1393
1456
1396
1075
1079
1620
1137
1700
1067
1067
1066
1066
1087
1077
1067
1804
1066
1067
1067
1327
1335
1844
1070
1061
1063
1067
1856
1299
1101
1092
1070
1070
1064
1055
1413
1510
1662
1086
1159
1059
1068
1051
1368
1064
1067
1070
1850
1061
1370
1053
1052
1730
1059
1653
1515
1468
1063
1075
1083
1415
1083
1069
1066
1083
1066
1063
1063
1066
1070
1067
1273
1877
1704
1490
1060
1068
1062
1068
1067
1069
1830
1064
1864
1084
1835
1069
4330
1467
4518
4056
4270
3610
4067
3674
3768
4017
4020
4350
4385
4682
3928
4262
1585
1090
1074
1750
1086
1217
1079
1408
1280
1415
1495
1469
1068
1055
1053
1066
1061
1069
1067
1067
1827
1494
1077
1055
1054
1057
1895
1909
1882
1084
1068
2476
1098
1064
1085
1085
1069
1084
1082
1065
1376
1061
1058
1945
1845
1432
1070
1059
1056
1954
1408
1061
1061
1389
1240
1077
1057
1055
1060
1062
1073
1058
1055
1404
1886
1072
1069
1061
1239
1062
1065
1084
1074
1645
1059
1066
1085
1067
1062
1065
1211
1066
1068
1071
1064
1064
1075
1586
1077
1293
1033
1817
1040
1783
1041
1712
20957
1120
1054
1053
1064
1062
1069
1066
1068
1078
1672
1858
1064
1058
1062
2899
1609
1059
1072
1058
1054
1058
1065
1065
1479
1068
1306
1113
1529
1279
1064
1594
1120
1806
1068
1101
1374
1387
1574
1157
1353
1360
1118
1383
1465
1093
1058
1467
1431
1645
1383
1331
1080
1338
1064
21645
1075
1781
1058
1449
1073
1837
1168
1076
1212
1406
1090
1054
1647
1089
1732
1054
1733
1121
1216
1138
1362
1713
1382
1277
1821
1057
1418
1603
1073
1072
1079
1279
1061
1547
1975
1094
1061
1646
1085
1656
1153
1403
1077
1398
1057
1038
1702
1046
1289
1047
1440
1249
1416
1295
1072
1424
1083
1322
1083
1062
1631
1057
1374
1082
1410
1283
1430
1338
1053
1074
1171
1690
1086
1313
1071
1403
1480
1429
1095
1417
1173
1173
1075
4578
4074
4898
4197
3957
5036
3501
4160
4527
4134
4388
5002
4088
3244
1640
1507
1125
1487
1755
1255
1106
1500
1286
1524
1255
1063
1480
1066
1298
1210
2046
1054
1388
1078
1355
1057
1375
1099
1057
1191
1091
1923
1064
1438
1086
2066
1058
1813
1056
1559
1063
1503
1105
1524
1370
1051
1068
1068
1453
1075
1054
1621
1057
1272
1071
1053
1099
1075
1363
1408
1414
1091
1379
1240
1071
1514
1059
1362
1096
1057
2202
1069
1081
1395
1095
1129
1706
1094
1088
1073
1371
1100
1329
1093
1440
1200
1055
2051
1083
1072
1181
1430
1093
1419
1095
1489
1280
1062
4727
4136
4656
5116
4128
3341
3477
2737
3874
3075
2717
3196
2798
3121
2696
1071
1064
1076
1097
1064
1056
1069
1066
1067
1070
1067
1256
1066
1426
1103
1068
1064
1057
1055
1249
1101
1057
1057
1442
1075
1086
1206
1381
1103
1066
1057
1875
1067
1073
1058
1056
1073
1551
1062
1069
1093
1064
1059
1063
1452
1077
1065
1807
1810
1071
1084
1072
1916
1103
1768
1290
1280
1363
1163
1069
