1254	7250
1064	5553
1017	5389
989	5278
986	5412
996	5249
1069	5278
1017	5338
999	5323
997	5313
1007	5282
1006	71362
998	15577
988	20458
990	17303
989	14980
990	5334
993	5289
990	6307
995	5326
990	5370
992	5328
989	5290
987	5523
1009	5962
1005	5470
984	7014
990	6980
995	6002
991	6957
982	6379
983	6971
981	7193
988	5367
982	7213
982	5397
983	5282
983	5324
1057	5298
979	5290
999	5290
1004	9463
1004	5452
978	5261
982	5338
985	5299
989	5278
1081	8963
991	8955
990	5304
993	5282
992	5319
991	5310
993	5255
990	5302
990	9232
993	5308
1013	5311
1008	5324
996	5276
989	5260
988	6772
990	8534
989	5315
991	5280
994	9267
991	5316
984	5269
994	5291
994	7323
1058	6686
985	5285
991	1314
1003	1068
1009	1058
1004	1063
987	1054
985	1055
986	1060
991	1367
991	1436
993	1070
993	1434
993	1098
991	1075
991	1481
993	1066
994	1056
981	1056
983	1890
1005	1058
1008	1061
1000	1055
996	1066
983	1055
994	1057
997	1380
990	1061
990	1058
1000	1059
989	1532
990	1064
1110	1250
981	1076
992	1055
1156	1057
1003	1426
1002	1795
1003	1055
990	1056
988	1063
983	1055
983	1360
994	1359
993	1070
993	1060
990	1059
990	1055
987	1035
985	1634
989	1033
991	1038
988	1029
1009	1028
1005	1030
1000	1030
990	1767
987	1032
987	1041
989	1031
989	1030
982	1031
993	1032
992	1281
1065	1026
987	1038
987	1037
989	1032
985	1035
1005	1809
1005	1029
1003	1028
995	1574
986	1077
983	1052
985	1056
983	1058
988	1053
988	1881
995	1066
992	1058
984	1052
987	1050
987	1054
991	1054
991	1419
1003	1063
999	1058
1006	1056
994	1055
994	1055
990	1526
991	1759
988	1064
991	1072
996	1053
1061	1060
985	1068
992	1057
992	1860
1004	1070
987	1055
1003	1058
1005	1059
1001	1057
995	1775
1166	1054
991	1058
997	1055
1044	1060
994	1060
994	1380
996	1762
988	1056
987	1063
990	1057
992	1056
989	1056
993	1848
1003	1825
1005	1055
1005	1070
989	1055
983	1056
978	1055
989	1859
991	1059
991	1073
1091	1065
992	1054
986	1057
990	1294
988	1058
989	1057
987	1218
1004	1077
1005	1059
1004	1832
994	1055
987	1056
986	1054
991	1060
992	1066
989	1866
987	1060
987	1057
987	1052
991	1056
994	1059
994	1084
990	1059
987	1292
1003	1061
1005	1056
997	1055
992	1055
990	1065
992	2139
991	1441
994	1058
1062	1060
995	1059
989	1839
987	1062
989	1056
987	1062
992	2506
993	1076
1008	1074
1000	1197
1001	1062
987	1061
983	1058
980	1058
990	1847
993	1060
992	1056
992	1084
987	1052
987	1814
987	1056
989	1055
990	1064
994	1056
989	1064
1003	1288
1001	1054
1001	1054
992	1054
979	1058
987	1058
990	1860
1069	1915
987	1055
1174	1057
991	1052
993	1056
981	1060
979	1537
982	1733
982	1060
997	1062
997	1073
1010	1059
986	1261
985	1084
983	1060
987	1064
991	1058
991	1059
989	1832
991	1052
994	1064
990	1060
986	1056
987	1066
994	1325
988	1060
1000	1054
1007	1064
1002	1055
987	1775
986	1060
988	1061
1061	1059
984	1057
989	1063
999	1794
993	1058
994	1061
992	1058
988	1063
990	1062
991	1942
1002	1050
1004	1049
989	1076
986	1062
994	1069
989	1060
989	1886
989	1057
996	1058
1007	1054
1004	1055
990	1059
987	1861
991	1066
1276	1061
993	1059
987	1053
987	1057
1006	1806
987	1054
989	1066
994	1058
1132	1055
34623	1069
1073	1054
3777	1053
2826	1061
4004	1063
4797	1058
3548	1865
4363	1067
4154	1053
3800	1057
4090	1053
3858	1057
4702	1857
3950	1061
3486	1071
4046	1058
1112	1059
1493	1282
1091	1062
1068	1059
1082	1057
1610	1065
1080	1058
1061	1803
1638	1371
1053	1054
1401	1055
1068	1052
1395	1063
1332	1684
1401	1057
1326	1061
1423	1055
1358	1058
1279	1056
1280	1846
1546	1055
1091	1057
4138	1057
4560	1061
3928	1061
3722	1835
3975	1063
3959	1057
4876	1052
4264	1060
4255	1057
5500	1884
3967	1206
4439	1066
4520	1059
3588	1057
3453	1510
1130	1736
1102	1061
1088	1058
1070	1214
1829	1055
1956	1292
1068	1078
1054	1056
1792	1058
1064	1062
1933	1067
1248	1881
1061	1622
1361	1056
1050	1053
1387	1298
4437	1059
4199	1066
4356	1058
4096	1058
4046	1060
3588	1054
5372	1867
3231	1056
4902	1064
3960	1054
3936	1078
4847	1055
3601	1543
3296	1110
3823	1055
1083	1081
1062	1053
1735	1056
1071	1370
1904	1058
1112	1053
1889	1058
1062	1076
1887	1432
1065	1056
1889	1058
1101	1056
1067	1056
1490	1250
1051	1061
1912	1071
1871	1057
3841	1061
3991	1059
4185	1074
3625	1285
4478	1061
5181	1052
4352	1049
4083	1222
4419	1060
3645	1056
3930	1060
4127	1453
4744	1765
3555	1055
1208	1054
1071	1326
1851	1057
1067	1404
1502	1900
1057	1057
2173	1056
1068	1057
1844	1056
1067	1609
2107	1780
1070	1070
1903	1072
1068	1058
2553	1059
1062	1056
1251	1057
1076	1881
2446	1066
1070	1055
1403	1058
15310	1061
1339	1057
1602	1278
1072	1051
1049	1061
1460	1056
1041	1062
1704	1063
1042	1881
1262	1058
1431	1057
1423	1067
1441	1053
1070	1055
1370	1866
1407	1057
1464	1063
1393	1055
1456	1070
1396	1738
1075	1058
1079	1055
1620	1057
1137	1058
1700	1060
1067	1957
1067	1056
1066	1057
1066	1059
1087	1372
1077	1059
1067	1058
1804	1065
1066	1057
1067	1250
1067	1055
1327	1053
1335	1057
1844	1057
1070	1065
1061	1816
1063	1056
1067	1057
1856	1058
1299	1061
1101	1056
1092	1338
1070	1059
1070	1078
1064	1065
1055	1053
1413	1055
1510	1798
1662	1063
1086	1055
1159	1060
1059	1061
1068	1058
1051	1278
1368	1090
1064	1061
1067	1052
1070	1057
1850	1058
1061	2006
1370	1370
1053	1056
1052	1075
1730	1057
1059	1064
1653	1063
1515	1407
1468	2103
1063	1058
1075	1065
1083	1059
1415	1062
1083	1249
1069	1055
1066	1062
1083	1062
1066	1066
1063	1064
1063	1055
1066	1281
1070	1054
1067	1057
1273	1058
1877	1076
1704	1061
1490	1397
1060	1794
1068	1052
1062	1060
1068	1060
1067	1064
1069	1059
1830	1802
1064	1055
1864	1054
1084	1055
1835	1056
1069	1065
4330	1275
1467	1059
4518	1057
4056	1059
4270	1059
3610	1057
4067	1745
3674	1873
3768	1055
4017	1058
4020	1061
4350	1062
4385	1057
4682	1795
3928	1768
4262	1057
1585	1059
1090	1056
1074	1059
1750	1062
1086	1845
1217	1057
1079	1053
1408	1054
1280	1056
1415	1088
1495	1057
1469	1064
1068	1057
1055	1055
1053	1070
1066	1055
1061	1058
1069	1059
1067	1562
1067	1779
1827	1051
1494	1187
1077	1056
1055	1055
1054	1863
1057	2248
1895	1057
1909	1053
1882	1055
1084	1056
1068	1056
2476	1794
1098	1071
1064	1057
1085	1060
1085	1054
1069	1055
1084	1445
1082	1054
1065	1061
1376	1056
1061	1064
1058	1059
1945	1795
1845	1055
1432	1053
1070	1062
1059	1052
1056	1058
1954	1369
1408	1057
1061	1055
1061	1057
1389	1064
1240	1057
1077	1061
1057	1769
1055	1055
1060	1056
1062	1055
1073	1065
1058	1059
1055	1052
1404	1841
1886	1055
1072	1060
1069	1065
1061	1066
1239	1056
1062	1830
1065	1062
1084	1053
1074	1057
1645	1060
1059	1070
1066	1106
1085	1783
1067	1057
1062	1056
1065	1057
1211	1058
1066	1378
1068	1060
1071	1058
1064	1057
1064	1058
1075	1274
1586	1053
1077	1063
1293	1067
1033	1390
1817	1826
1040	1055
1783	1054
1041	1057
1712	1057
20957	1057
1120	1848
1054	1058
1053	1064
1064	1061
1062	1056
1069	1088
1066	1768
1068	1058
1078	1057
1672	1058
1858	1067
1064	1317
1058	1059
1062	1055
2899	1057
1609	1058
1059	1777
1072	1366
1058	1058
1054	1060
1058	1057
1065	1055
1065	1057
1479	1836
1068	1056
1306	1058
1113	1068
1529	1056
1279	1055
1064	1805
1594	1058
1120	1055
1806	1065
1068	1067
1101	1802
1374	1834
1387	1058
1574	1132
1157	1054
1353	1056
1360	1068
1118	1802
1383	1061
1465	1059
1093	1058
1058	1052
1467	1056
1431	1064
1645	1054
1383	1068
1331	1092
1080	1063
1338	1751
1064	1056
21645	1063
1075	1056
1781	1059
1058	1058
1449	2447
1073	1057
1837	1058
1168	1909
1076	1061
1212	1059
1406	1059
1090	1834
1054	1056
1647	1255
1089	1134
1732	1378
1054	1757
1733	1086
1121	1073
1216	1082
1138	1058
1362	1063
1713	1055
1382	1659
1277	1690
1821	1059
1057	1738
1418	1057
1603	1298
1073	1089
1072	1500
1079	1056
1279	1053
1061	1060
1547	1528
1975	1070
1094	1057
1061	1058
1646	1055
1085	1063
1656	1062
1153	1061
1403	1078
1077	1058
1398	1060
1057	1062
1038	1055
1702	1052
1046	1062
1289	1064
1047	1058
1440	1077
1249	1098
1416	1062
1295	1697
1072	1054
1424	1066
1083	1060
1322	1058
1083	1734
1062	1064
1631	1065
1057	1075
1374	1052
1082	1054
1410	1808
1283	1064
1430	1067
1338	1055
1053	1060
1074	1636
1171	1082
1690	1092
1086	1070
1313	1056
1071	1062
1403	1320
1480	1059
1429	1059
1095	1053
1417	1058
1173	1754
1173	1054
1075	1063
4578	1059
4074	1081
4898	1269
4197	1054
3957	1058
5036	1258
3501	1064
4160	1056
4527	1060
4134	1064
4388	1325
5002	1053
4088	1053
3244	1063
1640	1063
1507	1688
1125	1057
1487	1054
1755	1054
1255	1054
1106	1958
1500	1067
1286	1059
1524	1543
1255	1858
1063	1057
1480	1053
1066	1076
1298	1377
1210	1063
2046	1509
1054	1278
1388	1059
1078	1065
1355	1061
1057	1958
1375	1062
1099	1060
1057	1061
1191	1282
1091	1081
1923	1060
1064	1853
1438	1057
1086	1066
2066	1064
1058	1058
1813	1063
1056	1812
1559	1056
1063	1056
1503	1058
1105	1059
1524	1477
1370	1869
1051	1064
1068	1061
1068	1063
1453	1060
1075	1264
1054	1064
1621	1062
1057	1058
1272	1060
1071	1277
1053	1081
1099	1063
1075	1055
1363	1060
1408	1064
1414	1864
1091	1059
1379	1053
1240	1058
1071	1054
1514	1060
1059	1299
1362	1062
1096	1064
1057	1059
2202	1059
1069	1279
1081	1054
1395	1053
1095	1059
1129	1214
1706	1080
1094	1065
1088	1057
1073	1056
1371	1052
1100	1802
1329	1060
1093	1065
1440	1062
1200	1058
1055	1062
2051	1529
1083	1074
1072	1056
1181	1055
1430	1059
1093	1064
1419	1066
1095	1819
1489	1059
1280	1053
1062	1058
4727	1059
4136	1064
4656	1282
5116	1063
4128	1055
3341	1062
3477	1058
2737	1064
3874	1812
3075	1059
2717	1065
3196	1062
2798	1062
3121	1056
2696	1818
1071	1056
1064	1056
1076	1062
1097	1060
1064	1061
1056	1816
1069	1732
1066	1053
1067	1056
1070	1060
1067	1057
1256	1058
1066	1797
1426	1058
1103	1059
1068	1059
1064	1063
1057	1534
1055	1090
1249	1060
1101	1054
1057	1063
1057	1903
1442	1057
1075	1055
1086	1059
1206	1063
1381	1059
1103	1832
1066	1058
1057	1056
1875	1057
1067	1057
1073	1064
1058	1838
1056	1127
1073	1058
1551	1056
1062	1060
1069	1061
1093	1807
1064	1061
1059	1059
1063	1283
1452	1160
1077	1062
1065	1063
1807	1061
1810	1376
1071	1075
1084	1064
1072	1059
1916	1060
1103	1073
1768	1776
1290	1052
1280	1056
1363	1064
1163	1058
1069	1756
